1	19162997.0
2	731000.0
3	240009.0
4	85249.0
5	37689.0
6	20646.0
7	10979.0
8	6916.0
9	4837.0
10	3825.0
11	3196.0
12	2351.0
13	1914.0
14	1698.0
15	1457.0
16	1399.0
17	1264.0
18	1095.0
19	984.0
20	963.0
21	872.0
22	812.0
23	730.0
24	733.0
25	693.0
26	670.0
27	611.0
28	586.0
29	535.0
30	654.0
31	705.0
32	515.0
33	467.0
34	433.0
35	427.0
36	375.0
37	390.0
38	345.0
39	359.0
40	373.0
41	340.0
42	307.0
43	291.0
44	269.0
45	298.0
46	298.0
47	270.0
48	246.0
49	243.0
50	242.0
51	216.0
52	242.0
53	199.0
54	238.0
55	220.0
56	203.0
57	204.0
58	194.0
59	195.0
60	165.0
61	181.0
62	171.0
63	162.0
64	172.0
65	166.0
66	154.0
67	140.0
68	139.0
69	157.0
70	140.0
71	147.0
72	123.0
73	136.0
74	133.0
75	114.0
76	117.0
77	110.0
78	110.0
79	98.0
80	118.0
81	112.0
82	99.0
83	113.0
84	101.0
85	107.0
86	94.0
87	117.0
88	103.0
89	94.0
90	90.0
91	74.0
92	71.0
93	85.0
94	68.0
95	83.0
96	80.0
97	88.0
98	85.0
99	85.0
100	79.0
101	81.0
102	67.0
103	76.0
104	73.0
105	80.0
106	66.0
107	64.0
108	60.0
109	82.0
110	71.0
111	67.0
112	74.0
113	48.0
114	65.0
115	52.0
116	60.0
117	52.0
118	54.0
119	50.0
120	62.0
121	47.0
122	62.0
123	56.0
124	37.0
125	56.0
126	53.0
127	59.0
128	51.0
129	38.0
130	42.0
131	40.0
132	46.0
133	47.0
134	41.0
135	48.0
136	41.0
137	46.0
138	41.0
139	42.0
140	38.0
141	30.0
142	40.0
143	39.0
144	42.0
145	37.0
146	36.0
147	36.0
148	24.0
149	35.0
150	37.0
151	32.0
152	26.0
153	34.0
154	36.0
155	35.0
156	34.0
157	25.0
158	34.0
159	24.0
160	29.0
161	27.0
162	24.0
163	17.0
164	25.0
165	35.0
166	27.0
167	30.0
168	23.0
169	31.0
170	26.0
171	30.0
172	28.0
173	28.0
174	25.0
175	27.0
176	28.0
177	29.0
178	29.0
179	21.0
180	39.0
181	23.0
182	22.0
183	30.0
184	15.0
185	20.0
186	19.0
187	21.0
188	18.0
189	23.0
190	20.0
191	21.0
192	31.0
193	23.0
194	19.0
195	20.0
196	16.0
197	23.0
198	22.0
199	20.0
200	22.0
201	37.0
202	24.0
203	15.0
204	26.0
205	26.0
206	20.0
207	20.0
208	20.0
209	15.0
210	15.0
211	18.0
212	23.0
213	20.0
214	17.0
215	15.0
216	17.0
217	25.0
218	16.0
219	22.0
220	13.0
221	19.0
222	20.0
223	16.0
224	19.0
225	12.0
226	17.0
227	16.0
228	10.0
229	16.0
230	20.0
231	22.0
232	13.0
233	12.0
234	14.0
235	18.0
236	16.0
237	15.0
238	21.0
239	17.0
240	18.0
241	23.0
242	11.0
243	19.0
244	22.0
245	17.0
246	9.0
247	21.0
248	15.0
249	11.0
250	14.0
251	15.0
252	15.0
253	14.0
254	17.0
255	18.0
256	10.0
257	15.0
258	15.0
259	16.0
260	13.0
261	14.0
262	24.0
263	13.0
264	16.0
265	16.0
266	11.0
267	11.0
268	14.0
269	10.0
270	11.0
271	17.0
272	17.0
273	14.0
274	8.0
275	11.0
276	13.0
277	20.0
278	8.0
279	19.0
280	14.0
281	12.0
282	9.0
283	13.0
284	13.0
285	14.0
286	12.0
287	13.0
288	11.0
289	17.0
290	16.0
291	17.0
292	11.0
293	8.0
294	8.0
295	11.0
296	9.0
297	10.0
298	17.0
299	16.0
300	14.0
301	12.0
302	11.0
303	15.0
304	12.0
305	7.0
306	8.0
307	11.0
308	17.0
309	10.0
310	11.0
311	13.0
312	12.0
313	8.0
314	10.0
315	13.0
316	17.0
317	21.0
318	14.0
319	10.0
320	10.0
321	11.0
322	10.0
323	10.0
324	12.0
325	7.0
326	10.0
327	14.0
328	7.0
329	7.0
330	7.0
331	9.0
332	16.0
333	11.0
334	9.0
335	17.0
336	4.0
337	11.0
338	14.0
339	7.0
340	11.0
341	8.0
342	10.0
343	19.0
344	10.0
345	13.0
346	12.0
347	13.0
348	11.0
349	5.0
350	11.0
351	13.0
352	14.0
353	8.0
354	16.0
355	10.0
356	7.0
357	10.0
358	8.0
359	13.0
360	10.0
361	8.0
362	4.0
363	13.0
364	4.0
365	2.0
366	13.0
367	9.0
368	9.0
369	10.0
370	11.0
371	9.0
372	7.0
373	7.0
374	6.0
375	13.0
376	11.0
377	9.0
378	9.0
379	19.0
380	8.0
381	7.0
382	13.0
383	8.0
384	8.0
385	7.0
386	10.0
387	13.0
388	7.0
389	7.0
390	13.0
391	9.0
392	10.0
393	14.0
394	7.0
395	9.0
396	11.0
397	5.0
398	9.0
399	14.0
400	8.0
401	6.0
402	8.0
403	5.0
404	8.0
405	9.0
406	10.0
407	8.0
408	9.0
409	15.0
410	3.0
411	11.0
412	8.0
413	8.0
414	7.0
415	12.0
416	9.0
417	6.0
418	6.0
419	9.0
420	3.0
421	11.0
422	12.0
423	10.0
424	17.0
425	8.0
426	9.0
427	11.0
428	13.0
429	17.0
430	10.0
431	5.0
432	11.0
433	16.0
434	7.0
435	10.0
436	4.0
437	2.0
438	10.0
439	14.0
440	10.0
441	19.0
442	9.0
443	9.0
444	7.0
445	7.0
446	7.0
447	8.0
448	8.0
449	10.0
450	8.0
451	8.0
452	8.0
453	11.0
454	5.0
455	6.0
456	9.0
457	14.0
458	5.0
459	10.0
460	10.0
461	7.0
462	10.0
463	9.0
464	7.0
465	8.0
466	12.0
467	8.0
468	8.0
469	9.0
470	8.0
471	7.0
472	10.0
473	3.0
474	7.0
475	6.0
476	7.0
477	8.0
478	13.0
479	7.0
480	7.0
481	6.0
482	6.0
483	9.0
484	9.0
485	9.0
486	10.0
487	4.0
488	11.0
489	4.0
490	9.0
491	11.0
492	6.0
493	10.0
494	9.0
495	8.0
496	14.0
497	8.0
498	10.0
499	10.0
500	10.0
501	10.0
502	6.0
503	6.0
504	13.0
505	7.0
506	10.0
507	10.0
508	5.0
509	5.0
510	5.0
511	8.0
512	9.0
513	5.0
514	15.0
515	9.0
516	4.0
517	9.0
518	7.0
519	8.0
520	7.0
521	7.0
522	12.0
523	10.0
524	8.0
525	6.0
526	10.0
527	7.0
528	6.0
529	12.0
530	13.0
531	8.0
532	10.0
533	9.0
534	12.0
535	7.0
536	5.0
537	6.0
538	4.0
539	11.0
540	7.0
541	7.0
542	10.0
543	7.0
544	13.0
545	10.0
546	5.0
547	7.0
548	6.0
549	8.0
550	1.0
551	4.0
552	12.0
553	7.0
554	6.0
555	6.0
556	11.0
557	5.0
558	10.0
559	6.0
560	11.0
561	8.0
562	9.0
563	8.0
564	5.0
565	5.0
566	8.0
567	7.0
568	8.0
569	4.0
570	5.0
571	3.0
572	6.0
573	7.0
574	4.0
575	5.0
576	5.0
577	6.0
578	5.0
579	7.0
580	5.0
581	13.0
582	10.0
583	13.0
584	10.0
585	16.0
586	3.0
587	9.0
588	5.0
589	4.0
590	8.0
591	10.0
592	6.0
593	3.0
594	5.0
595	11.0
596	4.0
597	10.0
598	9.0
599	6.0
600	11.0
601	9.0
602	2.0
603	5.0
604	8.0
605	5.0
606	4.0
607	6.0
608	6.0
609	6.0
610	8.0
611	9.0
612	4.0
613	12.0
614	9.0
615	5.0
616	7.0
617	10.0
618	6.0
619	9.0
620	3.0
621	7.0
622	5.0
623	3.0
624	7.0
625	5.0
626	4.0
627	7.0
628	10.0
629	2.0
630	5.0
631	6.0
632	7.0
633	3.0
634	4.0
635	5.0
636	8.0
637	6.0
638	6.0
639	9.0
640	4.0
641	8.0
642	9.0
643	3.0
644	3.0
645	6.0
646	5.0
647	7.0
648	6.0
649	6.0
650	11.0
651	6.0
652	10.0
653	9.0
654	8.0
655	7.0
656	7.0
657	8.0
658	3.0
659	8.0
660	4.0
661	5.0
662	5.0
663	6.0
664	5.0
665	5.0
666	8.0
667	1.0
668	2.0
669	6.0
670	9.0
671	6.0
672	6.0
673	2.0
674	4.0
675	5.0
676	4.0
677	2.0
678	4.0
679	4.0
680	3.0
681	1.0
682	12.0
683	8.0
684	6.0
685	5.0
686	6.0
687	12.0
688	7.0
689	11.0
690	7.0
691	2.0
692	6.0
693	4.0
694	4.0
695	6.0
696	3.0
697	8.0
698	8.0
699	6.0
700	3.0
701	6.0
702	7.0
703	5.0
704	4.0
705	3.0
706	5.0
707	4.0
708	4.0
709	5.0
710	4.0
711	5.0
712	3.0
713	5.0
714	5.0
715	3.0
716	2.0
717	2.0
718	5.0
719	3.0
720	3.0
721	2.0
722	2.0
723	2.0
724	5.0
725	3.0
726	3.0
727	5.0
728	4.0
729	3.0
730	3.0
731	2.0
732	3.0
733	4.0
734	5.0
735	1.0
736	3.0
737	7.0
738	2.0
739	6.0
740	3.0
741	4.0
742	4.0
743	5.0
744	2.0
745	6.0
746	2.0
747	4.0
748	3.0
749	2.0
750	1.0
751	2.0
753	7.0
754	3.0
756	4.0
757	2.0
758	2.0
759	5.0
760	5.0
761	2.0
762	4.0
763	3.0
764	3.0
765	2.0
766	3.0
767	4.0
768	2.0
769	5.0
770	2.0
771	4.0
772	1.0
773	3.0
774	3.0
775	3.0
776	1.0
777	3.0
778	2.0
779	1.0
780	3.0
781	6.0
782	4.0
783	5.0
784	3.0
785	3.0
786	5.0
787	1.0
788	5.0
789	3.0
790	1.0
791	3.0
792	1.0
793	4.0
794	1.0
795	3.0
796	2.0
797	5.0
798	6.0
799	2.0
800	1.0
802	5.0
803	4.0
804	3.0
805	1.0
806	1.0
807	3.0
809	3.0
810	4.0
811	2.0
813	1.0
814	2.0
816	6.0
817	1.0
819	2.0
820	2.0
821	2.0
822	6.0
823	1.0
825	3.0
826	1.0
827	1.0
828	3.0
829	1.0
830	1.0
831	4.0
832	1.0
833	5.0
834	3.0
835	2.0
836	2.0
837	4.0
838	3.0
839	1.0
840	4.0
841	4.0
842	2.0
843	2.0
844	8.0
845	2.0
847	1.0
848	2.0
849	2.0
850	1.0
851	2.0
852	4.0
853	1.0
854	4.0
855	3.0
856	1.0
857	3.0
858	1.0
859	4.0
860	2.0
861	1.0
863	1.0
865	1.0
866	5.0
867	1.0
868	1.0
869	2.0
871	3.0
872	1.0
873	2.0
874	2.0
875	2.0
876	2.0
877	1.0
878	2.0
880	4.0
881	4.0
882	1.0
884	3.0
885	2.0
887	2.0
888	1.0
889	1.0
890	3.0
891	4.0
893	1.0
896	3.0
898	3.0
899	2.0
901	2.0
902	1.0
903	3.0
904	1.0
905	1.0
906	1.0
907	1.0
908	4.0
909	1.0
910	2.0
911	3.0
912	1.0
913	3.0
914	1.0
915	1.0
917	4.0
918	1.0
920	2.0
921	1.0
922	3.0
923	1.0
924	3.0
925	5.0
927	3.0
928	1.0
929	1.0
930	2.0
931	1.0
933	4.0
934	2.0
935	2.0
936	1.0
937	2.0
938	2.0
939	1.0
941	4.0
942	3.0
943	1.0
944	1.0
945	1.0
946	3.0
947	1.0
948	2.0
949	5.0
950	2.0
951	2.0
952	3.0
953	2.0
954	3.0
955	2.0
956	3.0
957	1.0
960	1.0
961	2.0
962	4.0
964	2.0
965	2.0
966	2.0
967	1.0
969	3.0
971	2.0
972	1.0
974	1.0
976	1.0
977	2.0
980	1.0
982	1.0
984	2.0
987	2.0
988	1.0
992	1.0
994	3.0
995	1.0
996	1.0
998	3.0
999	1.0
1000	3.0
1001	3.0
1002	4.0
1003	3.0
1004	2.0
1006	3.0
1008	4.0
1009	1.0
1010	4.0
1011	1.0
1014	1.0
1015	1.0
1016	1.0
1018	1.0
1019	1.0
1020	3.0
1021	3.0
1025	2.0
1027	2.0
1028	2.0
1030	1.0
1031	1.0
1034	2.0
1036	3.0
1037	2.0
1038	1.0
1041	1.0
1042	1.0
1043	3.0
1044	1.0
1047	1.0
1048	1.0
1051	2.0
1052	2.0
1053	2.0
1057	1.0
1058	2.0
1059	1.0
1061	3.0
1062	1.0
1063	2.0
1065	1.0
1066	3.0
1067	1.0
1068	1.0
1069	2.0
1070	2.0
1071	2.0
1073	1.0
1074	1.0
1075	1.0
1077	2.0
1078	1.0
1080	2.0
1081	1.0
1084	1.0
1086	2.0
1087	3.0
1088	1.0
1090	2.0
1091	2.0
1093	1.0
1094	1.0
1095	2.0
1096	1.0
1097	2.0
1099	1.0
1100	1.0
1102	1.0
1103	1.0
1104	1.0
1107	1.0
1108	1.0
1109	3.0
1110	2.0
1111	2.0
1112	1.0
1114	2.0
1115	1.0
1121	2.0
1122	1.0
1123	2.0
1124	1.0
1126	2.0
1127	2.0
1128	1.0
1129	1.0
1130	1.0
1131	2.0
1132	3.0
1133	1.0
1135	1.0
1138	1.0
1139	1.0
1140	1.0
1142	2.0
1144	3.0
1145	1.0
1146	3.0
1147	1.0
1148	1.0
1153	1.0
1157	1.0
1158	3.0
1160	1.0
1161	1.0
1162	1.0
1165	1.0
1167	1.0
1171	1.0
1174	2.0
1177	2.0
1178	1.0
1180	1.0
1181	1.0
1182	1.0
1183	1.0
1187	1.0
1188	2.0
1189	4.0
1190	1.0
1193	2.0
1194	1.0
1195	1.0
1196	1.0
1198	1.0
1200	1.0
1201	2.0
1204	2.0
1205	1.0
1208	1.0
1210	4.0
1211	1.0
1214	2.0
1216	1.0
1220	1.0
1221	1.0
1223	3.0
1225	3.0
1227	1.0
1228	2.0
1229	2.0
1230	1.0
1232	1.0
1234	1.0
1240	1.0
1241	3.0
1242	1.0
1243	1.0
1246	1.0
1247	1.0
1248	2.0
1249	1.0
1251	2.0
1253	3.0
1254	1.0
1256	1.0
1258	1.0
1259	2.0
1261	1.0
1262	1.0
1263	1.0
1264	2.0
1266	1.0
1267	4.0
1268	3.0
1269	2.0
1270	1.0
1271	4.0
1272	2.0
1273	2.0
1274	2.0
1276	2.0
1280	1.0
1281	2.0
1282	2.0
1283	1.0
1284	3.0
1287	2.0
1288	2.0
1289	1.0
1290	1.0
1291	2.0
1292	1.0
1293	3.0
1295	1.0
1297	1.0
1298	1.0
1301	1.0
1303	2.0
1304	1.0
1305	1.0
1306	2.0
1307	1.0
1310	1.0
1311	1.0
1312	2.0
1314	1.0
1315	1.0
1316	1.0
1317	3.0
1318	2.0
1319	2.0
1320	1.0
1322	2.0
1323	1.0
1324	3.0
1326	1.0
1327	3.0
1328	1.0
1329	1.0
1331	3.0
1332	2.0
1334	2.0
1335	4.0
1336	1.0
1338	1.0
1339	1.0
1340	2.0
1342	1.0
1343	1.0
1345	3.0
1349	1.0
1350	1.0
1351	3.0
1352	1.0
1353	1.0
1355	2.0
1356	1.0
1357	1.0
1359	3.0
1360	2.0
1361	3.0
1362	2.0
1363	1.0
1364	2.0
1366	1.0
1369	1.0
1370	2.0
1372	1.0
1373	2.0
1374	1.0
1375	2.0
1379	1.0
1380	2.0
1382	1.0
1384	2.0
1385	1.0
1387	3.0
1390	1.0
1394	1.0
1395	1.0
1396	3.0
1397	1.0
1399	1.0
1401	1.0
1402	2.0
1403	1.0
1404	1.0
1405	2.0
1407	2.0
1409	1.0
1410	1.0
1411	2.0
1412	1.0
1413	1.0
1416	3.0
1418	1.0
1419	2.0
1420	4.0
1422	1.0
1426	2.0
1427	2.0
1429	2.0
1430	1.0
1432	1.0
1433	1.0
1434	1.0
1435	2.0
1437	2.0
1438	2.0
1440	1.0
1444	2.0
1450	1.0
1454	3.0
1455	1.0
1456	1.0
1457	1.0
1460	1.0
1464	1.0
1466	2.0
1467	1.0
1469	2.0
1471	1.0
1476	1.0
1479	2.0
1481	1.0
1482	2.0
1485	1.0
1488	1.0
1490	2.0
1500	2.0
1501	2.0
1502	1.0
1503	3.0
1505	1.0
1508	1.0
288234	1.0
1522	1.0
1523	1.0
1533	1.0
1541	2.0
1545	1.0
1546	1.0
1550	1.0
1551	2.0
1554	1.0
1560	1.0
1566	1.0
1569	1.0
1593	1.0
1595	1.0
1612	2.0
1618	1.0
1622	2.0
1635	1.0
1640	1.0
1646	1.0
1648	1.0
1659	2.0
1665	1.0
1699	1.0
1700	1.0
1706	1.0
1720	1.0
1726	1.0
1737	1.0
1738	1.0
1745	1.0
1748	1.0
1756	1.0
1770	1.0
1791	1.0
1799	2.0
1810	1.0
1813	1.0
1833	1.0
1836	1.0
1837	1.0
1846	1.0
1854	1.0
1855	1.0
1865	1.0
1880	1.0
1895	2.0
1918	1.0
1936	1.0
1972	1.0
25274298	1.0
1979	1.0
1983	1.0
2006	1.0
2026	1.0
2033	1.0
2041	1.0
2046	1.0
2054	1.0
3203415	1.0
2072	1.0
2099	2.0
2105	1.0
2106	1.0
2113	1.0
2117	1.0
2145	1.0
2157	1.0
2162	1.0
2175	1.0
2180	1.0
2224	1.0
2241	1.0
2244	1.0
2263	1.0
2267	1.0
2271	1.0
2303	1.0
2312	1.0
2320	1.0
2335	1.0
2352	1.0
2411	1.0
2419	1.0
2485	1.0
2508	1.0
2539	1.0
2615	1.0
2628	1.0
2650	1.0
2665	1.0
2676	1.0
2683	1.0
2688	1.0
2715	1.0
23194270	1.0
2724	1.0
2726	1.0
2735	1.0
2751	1.0
2756	1.0
2757	1.0
2768	1.0
2770	1.0
2778	3.0
2788	1.0
2799	1.0
2801	1.0
2802	1.0
25268691	1.0
2828	1.0
2850	1.0
2852	1.0
2866	1.0
2868	1.0
2874	1.0
2891	1.0
2906	1.0
2922	1.0
50539380	1.0
2948	1.0
2958	1.0
2963	1.0
2969	1.0
2985	1.0
2988	1.0
2991	1.0
2995	1.0
3029	1.0
3068	1.0
3073	1.0
1076241	1.0
50539545	1.0
3119	1.0
3147	1.0
8724	1.0
3281	1.0
1076470	1.0
1182983	1.0
3361	1.0
50539820	1.0
50539878	1.0
25268813	1.0
3637	1.0
3672	1.0
3677	1.0
3683	1.0
23167632	1.0
3993	1.0
25268233	1.0
4134	1.0
8881	1.0
4231268	1.0
4222	1.0
4242	1.0
23949485	1.0
4289	1.0
4317	1.0
4321	1.0
4344	1.0
8328	1.0
20521688	1.0
4386	1.0
25268574	1.0
4481	1.0
25268642	1.0
25268647	1.0
25268651	2.0
25268652	1.0
25268654	1.0
25268655	1.0
25268658	1.0
25268668	1.0
4544	1.0
25268673	1.0
25268683	1.0
25268684	1.0
25268688	1.0
25268690	1.0
4563	1.0
25268705	1.0
25268710	1.0
25268714	1.0
25268716	1.0
25268720	1.0
25268731	1.0
25268736	1.0
25268740	1.0
25268741	1.0
25268744	1.0
25268753	1.0
25268762	1.0
25268778	1.0
25268798	1.0
25268804	1.0
25268810	1.0
4685	1.0
25268836	1.0
4709	1.0
25268848	1.0
25268850	1.0
25268853	1.0
12924	1.0
25268865	1.0
25268867	1.0
25268872	1.0
25268876	1.0
25268882	1.0
25268887	1.0
25268896	1.0
4770	1.0
25268905	1.0
25268908	1.0
25268915	1.0
25268933	1.0
4817	1.0
25268948	1.0
49861336	1.0
25268963	1.0
25268965	2.0
25268967	1.0
25268970	1.0
25268971	1.0
4861	1.0
25268994	1.0
25269011	2.0
25269018	1.0
25269022	1.0
25269026	2.0
25269027	1.0
25269030	1.0
25269031	2.0
25269033	1.0
25269044	1.0
25269048	3.0
25269050	1.0
25269053	1.0
25269057	3.0
25269060	1.0
25269066	1.0
25269067	1.0
25269070	1.0
25269096	1.0
25269103	1.0
25269105	2.0
25269109	1.0
25269110	1.0
25269112	2.0
25269118	1.0
25269120	1.0
25269121	1.0
25269122	1.0
25269123	1.0
25269125	3.0
25269127	2.0
25269131	1.0
25269132	1.0
25269136	1.0
25269138	1.0
25269140	3.0
25269142	2.0
25269147	1.0
25269149	1.0
25269153	1.0
25269157	1.0
25269170	1.0
25269174	1.0
25269175	2.0
25269176	1.0
25269177	2.0
25269184	1.0
25269186	3.0
25269188	2.0
25269189	1.0
25269192	2.0
25269195	1.0
25269202	2.0
5076	1.0
25269208	1.0
25269210	3.0
25269213	1.0
25269214	2.0
25269219	3.0
25269221	2.0
25269225	1.0
25269228	1.0
25269230	1.0
25269232	1.0
25269233	1.0
25269238	2.0
25269241	1.0
25269243	1.0
25269247	1.0
25269251	2.0
25269252	1.0
25269254	1.0
25269260	1.0
25269262	1.0
25269265	2.0
25269267	1.0
25269271	1.0
25269273	2.0
25269275	1.0
25269278	2.0
25269280	1.0
25269285	2.0
25269286	1.0
25269287	1.0
5161	1.0
25269291	2.0
25269293	2.0
25269295	2.0
25269297	2.0
25269298	1.0
25269300	1.0
25269302	2.0
25269306	1.0
25269309	1.0
25269310	1.0
25269315	2.0
25269316	1.0
25269320	1.0
25269321	1.0
25269322	1.0
25269324	1.0
25269326	1.0
25269329	1.0
25269330	1.0
25269334	1.0
25269336	1.0
25269339	1.0
25269343	1.0
25269350	2.0
25269354	1.0
25269356	2.0
25269357	1.0
25269359	1.0
25269363	3.0
25269365	2.0
25269367	3.0
25269369	2.0
25269372	2.0
25269376	2.0
25269380	1.0
25269381	1.0
25269383	1.0
25269385	3.0
25269387	1.0
25269388	2.0
25269393	1.0
25269396	1.0
25269398	3.0
25269402	2.0
25269404	2.0
25269405	1.0
25269407	1.0
25269409	1.0
25269415	3.0
25269418	1.0
25269419	1.0
25269422	1.0
25269424	2.0
25269426	3.0
25269427	2.0
25269428	1.0
25269433	2.0
25269435	2.0
25269437	2.0
25269439	1.0
25269443	1.0
25269444	2.0
25269451	1.0
25269452	1.0
25269455	1.0
25269456	1.0
25269457	1.0
25269459	1.0
25269460	1.0
25269461	4.0
25269463	1.0
25269464	1.0
25269465	1.0
25269466	1.0
25269468	2.0
25269469	1.0
25269470	1.0
25269472	2.0
25269473	1.0
25269474	1.0
25269475	2.0
25269477	1.0
25269481	6.0
25269485	1.0
25269487	1.0
25269489	1.0
25269492	1.0
25269496	2.0
25269497	1.0
25269498	2.0
25269500	5.0
25269502	1.0
25269503	2.0
25269507	2.0
25269511	1.0
25269514	1.0
25269516	1.0
25269519	2.0
25269520	1.0
25269523	1.0
25269527	1.0
25269533	2.0
25269534	2.0
25269542	2.0
25269544	2.0
25269546	1.0
25269548	1.0
25269549	1.0
25269551	1.0
25269553	2.0
25269554	1.0
25269557	2.0
25269560	1.0
25269562	1.0
25269564	3.0
25269565	1.0
25269566	1.0
25269568	3.0
25269569	1.0
25269570	1.0
25269572	1.0
25269573	4.0
25269575	2.0
25269577	3.0
25269578	1.0
25269580	1.0
25269581	1.0
25269584	1.0
25269585	1.0
25269586	1.0
25269588	3.0
25269590	2.0
25269593	1.0
25269594	1.0
25269595	1.0
25269599	2.0
25269601	2.0
25269607	1.0
25269609	1.0
25269611	1.0
25269614	1.0
25269618	1.0
25269623	2.0
25269625	1.0
25269627	3.0
25269628	1.0
25269634	2.0
25269636	2.0
25269640	2.0
25269642	1.0
25269647	1.0
25269649	1.0
25269658	3.0
25269660	1.0
25269662	3.0
25269664	2.0
25269673	1.0
25269675	2.0
25269677	2.0
25269680	2.0
25269682	3.0
25269684	2.0
25269686	2.0
25269689	1.0
25269693	1.0
25269697	2.0
25269699	1.0
25269700	1.0
25269701	1.0
25269702	2.0
25269703	1.0
25269704	1.0
25269706	3.0
25269708	1.0
25269710	2.0
25269712	1.0
25269714	1.0
25269715	1.0
25269716	1.0
25269717	3.0
25269719	2.0
25269721	1.0
25269724	1.0
25269725	1.0
25269726	1.0
25269727	1.0
25269728	2.0
25269730	1.0
25269732	1.0
25269733	1.0
25269738	1.0
25269739	1.0
25269745	2.0
25269747	1.0
25269749	1.0
25269751	1.0
25269752	1.0
25269753	1.0
25269754	1.0
25269756	3.0
25269757	1.0
25269758	1.0
25269763	2.0
25269765	3.0
25269767	1.0
25269768	2.0
25269769	2.0
25269770	1.0
25269771	2.0
25269772	1.0
25269774	3.0
25269776	2.0
25269778	1.0
25269780	2.0
25269781	2.0
25269784	3.0
25269785	1.0
25269786	1.0
25269787	2.0
25269789	1.0
25269791	6.0
25269794	2.0
25269795	1.0
25269796	1.0
25269798	2.0
25269800	2.0
25269802	3.0
25269804	2.0
25269806	3.0
25269807	1.0
25269808	2.0
25269809	2.0
25269811	3.0
25269812	1.0
25269813	7.0
25269814	1.0
25269815	2.0
25269817	4.0
25269818	1.0
25269819	2.0
25269822	3.0
25269824	2.0
25269826	6.0
25269827	1.0
25269828	3.0
25269829	3.0
25269830	1.0
25269831	1.0
25269832	1.0
25269833	2.0
25269834	2.0
25269835	2.0
25269836	2.0
25269837	3.0
25269839	2.0
25269840	1.0
25269841	5.0
25269842	1.0
25269843	1.0
25269844	2.0
25269846	2.0
25269848	1.0
25269849	1.0
25269850	2.0
25269851	2.0
25269852	2.0
25269853	1.0
25269855	1.0
25269856	6.0
25269857	4.0
25269859	5.0
25269861	4.0
25269862	1.0
25269863	2.0
25269865	6.0
25269867	1.0
25269868	1.0
25269869	3.0
25269870	1.0
25269872	2.0
25269874	1.0
25269877	1.0
25269878	1.0
25269879	3.0
25269880	1.0
25269881	1.0
25269883	2.0
25269884	1.0
25269885	2.0
25269887	1.0
25269888	1.0
25269889	1.0
25269890	1.0
25269891	3.0
25269892	3.0
25269894	5.0
25269895	1.0
25269896	4.0
25269898	2.0
25269899	2.0
25269900	2.0
25269901	2.0
25269902	4.0
25269903	1.0
25269905	1.0
25269907	1.0
25269909	2.0
25269910	2.0
25269911	3.0
25269913	4.0
25269915	1.0
25269916	3.0
25269918	1.0
25269919	1.0
25269920	8.0
25269922	4.0
25269924	5.0
25269925	2.0
25269926	2.0
25269927	1.0
25269928	1.0
25269929	1.0
25269931	3.0
25269933	3.0
25269935	4.0
25269937	1.0
25269938	5.0
25269939	1.0
25269940	2.0
25269942	2.0
25269943	1.0
25269944	3.0
25269946	1.0
25269947	1.0
25269948	1.0
25269949	1.0
25269950	1.0
25269952	1.0
25269953	1.0
5826	1.0
25269955	2.0
25269957	4.0
25269958	1.0
25269959	2.0
25269961	3.0
25269962	2.0
25269964	2.0
25269966	4.0
25269968	5.0
25269970	3.0
25269975	3.0
25269977	5.0
25269978	1.0
25269979	3.0
25269981	1.0
25269983	2.0
25269985	1.0
25269986	2.0
25269990	2.0
25269991	1.0
25269992	5.0
25269994	3.0
25269998	2.0
25269999	2.0
25270001	2.0
25270006	2.0
25270007	2.0
25270009	1.0
25270010	3.0
25270011	1.0
25270014	1.0
25270016	1.0
25270020	1.0
25270021	1.0
25270022	3.0
25270023	3.0
25270026	1.0
25270027	1.0
25270033	1.0
25270037	1.0
25270038	1.0
25270040	1.0
25270047	1.0
25270049	2.0
25270051	2.0
25270052	2.0
25270058	1.0
25270060	3.0
25270062	1.0
25270064	1.0
25270066	2.0
25270068	1.0
25270069	1.0
25270071	1.0
25270073	3.0
25270076	1.0
25269289	1.0
20527587	1.0
22616691	1.0
75807437	1.0
56333	1.0
50537694	1.0
21044585	1.0
7730	1.0
25181809	1.0
21045185	1.0
8144	1.0
