1	20336633.0
2	5920.0
3	2145.0
4	1163.0
5	842.0
6	667.0
7	530.0
8	546.0
9	501.0
10	438.0
11	380.0
12	300.0
13	185.0
14	152.0
15	110.0
16	108.0
17	76.0
18	63.0
19	60.0
20	46.0
21	51.0
22	75.0
23	70.0
24	58.0
25	29.0
26	20.0
27	7.0
28	9.0
29	7.0
30	7.0
31	8.0
32	5.0
33	3.0
34	4.0
35	6.0
36	6.0
37	3.0
38	6.0
39	4.0
40	1.0
41	2.0
42	2.0
43	1.0
44	2.0
45	5.0
46	7.0
47	9.0
48	6.0
49	3.0
50	8.0
51	1.0
52	3.0
53	1.0
55	1.0
57	1.0
61	1.0
62	3.0
67	1.0
69	1.0
71	2.0
72	2.0
73	2.0
74	1.0
75	1.0
76	1.0
77	1.0
79	2.0
80	1.0
81	1.0
82	1.0
842323	1.0
85	1.0
842326	1.0
87	1.0
842331	1.0
842332	1.0
98	1.0
17938	1.0
342127	1.0
376945	1.0
129	1.0
17942	1.0
136	1.0
139	1.0
53391	1.0
350744	1.0
146	1.0
149	1.0
386572	1.0
4804	1.0
350754	1.0
216	1.0
831023	1.0
19717	1.0
421138	1.0
421143	1.0
421145	15.0
421146	11.0
421147	6.0
421148	8.0
421149	7.0
421150	8.0
421151	21.0
421152	13.0
421153	28.0
421154	31.0
421155	34.0
421156	26.0
421157	40.0
421158	45.0
421159	37.0
421160	51.0
421161	27.0
421162	45.0
421163	47.0
421164	93.0
421165	96.0
421166	91.0
421167	66.0
421168	35.0
399159	1.0
842295	1.0
342029	1.0
1263458	1.0
419697	1.0
421239	1.0
70522	1.0
939	1.0
386128	1.0
