1	2415.0
2	4526.0
3	8123.0
4	10082.0
5	11308.0
6	11388.0
7	11349.0
8	11046.0
9	10571.0
10	10359.0
11	9872.0
12	9889.0
13	9623.0
14	9501.0
15	9359.0
16	9051.0
17	8969.0
18	8719.0
19	8397.0
20	8259.0
21	7750.0
22	7597.0
23	7363.0
24	6882.0
25	6629.0
26	6373.0
27	6107.0
28	5763.0
29	5481.0
30	5251.0
31	5056.0
32	4805.0
33	4360.0
34	4316.0
35	4144.0
36	4030.0
37	3830.0
38	3666.0
39	3366.0
40	3320.0
41	3322.0
42	3026.0
43	2883.0
44	2748.0
45	2682.0
46	2688.0
47	2442.0
48	2425.0
49	2443.0
50	2153.0
51	2258.0
52	2100.0
53	2051.0
54	1952.0
55	1906.0
56	1868.0
57	1804.0
58	1751.0
59	1650.0
60	1719.0
61	1600.0
62	1519.0
63	1516.0
64	1518.0
65	1440.0
66	1446.0
67	1420.0
68	1381.0
69	1405.0
70	1292.0
71	1208.0
72	1251.0
73	1154.0
74	1169.0
75	1172.0
76	1099.0
77	1119.0
78	1042.0
79	1009.0
80	1035.0
81	980.0
82	946.0
83	911.0
84	931.0
85	854.0
86	905.0
87	845.0
88	860.0
89	811.0
90	761.0
91	786.0
92	774.0
93	754.0
94	733.0
95	732.0
96	738.0
97	704.0
98	638.0
99	615.0
100	631.0
101	617.0
102	631.0
103	602.0
104	631.0
105	558.0
106	556.0
107	536.0
108	562.0
109	543.0
110	515.0
111	516.0
112	512.0
113	499.0
114	468.0
115	472.0
116	456.0
117	454.0
118	458.0
119	429.0
120	435.0
121	384.0
122	390.0
123	396.0
124	384.0
125	368.0
126	396.0
127	360.0
128	363.0
129	350.0
130	333.0
131	328.0
132	326.0
133	339.0
134	338.0
135	309.0
136	310.0
137	288.0
138	278.0
139	274.0
140	311.0
141	285.0
142	274.0
143	245.0
144	259.0
145	250.0
146	248.0
147	254.0
148	231.0
149	254.0
150	233.0
151	259.0
152	246.0
153	238.0
154	224.0
155	201.0
156	235.0
157	205.0
158	196.0
159	204.0
160	182.0
161	189.0
162	171.0
163	190.0
164	191.0
165	160.0
166	139.0
167	151.0
168	167.0
169	160.0
170	206.0
171	146.0
172	138.0
173	148.0
174	146.0
175	152.0
176	158.0
177	130.0
178	132.0
179	123.0
180	122.0
181	129.0
182	118.0
183	128.0
184	126.0
185	111.0
186	108.0
187	139.0
188	90.0
189	109.0
190	117.0
191	110.0
192	114.0
193	134.0
194	97.0
195	98.0
196	112.0
197	98.0
198	101.0
199	102.0
200	106.0
201	94.0
202	73.0
203	88.0
204	80.0
205	84.0
206	80.0
207	76.0
208	78.0
209	73.0
210	69.0
211	92.0
212	75.0
213	77.0
214	74.0
215	76.0
216	76.0
217	72.0
218	76.0
219	64.0
220	62.0
221	67.0
222	65.0
223	69.0
224	85.0
225	67.0
226	76.0
227	62.0
228	60.0
229	66.0
230	64.0
231	52.0
232	78.0
233	57.0
234	65.0
235	51.0
236	67.0
237	53.0
238	46.0
239	48.0
240	57.0
241	57.0
242	62.0
243	42.0
244	49.0
245	31.0
246	50.0
247	44.0
248	43.0
249	42.0
250	39.0
251	36.0
252	48.0
253	41.0
254	41.0
255	39.0
256	36.0
257	33.0
258	51.0
259	36.0
260	36.0
261	36.0
262	30.0
263	35.0
264	28.0
265	26.0
266	37.0
267	33.0
268	29.0
269	29.0
270	28.0
271	25.0
272	40.0
273	24.0
274	28.0
275	36.0
276	27.0
277	29.0
278	33.0
279	26.0
280	34.0
281	29.0
282	24.0
283	24.0
284	33.0
285	35.0
286	24.0
287	31.0
288	28.0
289	25.0
290	19.0
291	25.0
292	28.0
293	20.0
294	22.0
295	22.0
296	17.0
297	23.0
298	15.0
299	21.0
300	20.0
301	26.0
302	29.0
303	24.0
304	13.0
305	18.0
306	20.0
307	23.0
308	22.0
309	23.0
310	21.0
311	15.0
312	22.0
313	18.0
314	20.0
315	20.0
316	22.0
317	20.0
318	17.0
319	17.0
320	26.0
321	19.0
322	16.0
323	29.0
324	17.0
325	17.0
326	12.0
327	14.0
328	18.0
329	17.0
330	10.0
331	15.0
332	15.0
333	11.0
334	10.0
335	15.0
336	8.0
337	16.0
338	20.0
339	9.0
340	18.0
341	15.0
342	14.0
343	12.0
344	13.0
345	13.0
346	11.0
347	17.0
348	10.0
349	8.0
350	14.0
351	13.0
352	15.0
353	6.0
354	10.0
355	11.0
356	11.0
357	14.0
358	14.0
359	10.0
360	9.0
361	13.0
362	8.0
363	11.0
364	12.0
365	6.0
366	10.0
367	5.0
368	11.0
369	10.0
370	16.0
371	16.0
372	14.0
373	8.0
374	12.0
375	8.0
376	8.0
377	8.0
378	13.0
379	14.0
380	13.0
381	7.0
382	4.0
383	8.0
384	5.0
385	8.0
386	9.0
387	6.0
388	7.0
389	7.0
390	6.0
391	11.0
392	9.0
393	5.0
394	6.0
395	3.0
396	8.0
397	5.0
398	8.0
399	6.0
400	9.0
401	6.0
402	2.0
403	1.0
404	13.0
405	12.0
406	5.0
407	5.0
408	7.0
409	9.0
410	8.0
411	8.0
412	10.0
413	6.0
414	11.0
415	5.0
416	5.0
417	6.0
418	7.0
419	7.0
420	5.0
421	7.0
422	7.0
423	6.0
424	3.0
425	7.0
426	4.0
427	5.0
428	3.0
429	5.0
430	8.0
431	6.0
432	8.0
433	2.0
434	8.0
435	6.0
436	6.0
437	2.0
438	3.0
439	9.0
440	7.0
441	8.0
442	6.0
443	5.0
444	3.0
445	7.0
446	9.0
447	2.0
448	3.0
449	4.0
450	8.0
451	5.0
452	5.0
453	3.0
454	9.0
455	4.0
456	5.0
457	6.0
458	5.0
459	2.0
460	1.0
461	8.0
462	6.0
463	4.0
464	7.0
465	3.0
466	4.0
467	5.0
468	1.0
469	8.0
470	6.0
471	5.0
472	6.0
473	3.0
475	3.0
476	5.0
477	3.0
478	1.0
479	2.0
480	3.0
481	5.0
482	3.0
483	3.0
484	4.0
485	3.0
486	4.0
487	1.0
488	4.0
489	1.0
490	3.0
491	3.0
492	8.0
493	4.0
494	4.0
495	1.0
496	2.0
497	1.0
498	3.0
499	1.0
501	4.0
502	2.0
503	4.0
504	3.0
505	4.0
506	3.0
507	1.0
508	5.0
509	3.0
510	3.0
511	2.0
512	3.0
513	5.0
514	5.0
515	4.0
516	4.0
517	4.0
518	5.0
519	5.0
520	1.0
521	2.0
522	4.0
523	1.0
524	2.0
525	3.0
526	2.0
527	5.0
528	3.0
529	1.0
530	4.0
531	2.0
532	2.0
533	6.0
534	4.0
535	1.0
536	4.0
537	2.0
538	2.0
539	3.0
541	1.0
542	1.0
543	2.0
544	3.0
545	2.0
546	3.0
548	3.0
549	3.0
550	2.0
551	5.0
552	1.0
553	2.0
554	1.0
556	3.0
557	1.0
558	1.0
559	2.0
560	4.0
561	1.0
562	1.0
563	1.0
564	2.0
565	3.0
566	2.0
567	6.0
568	2.0
570	1.0
571	1.0
572	3.0
573	2.0
575	2.0
576	1.0
577	2.0
578	1.0
579	1.0
580	1.0
581	2.0
583	2.0
584	2.0
585	2.0
586	2.0
587	2.0
588	3.0
589	2.0
590	3.0
591	1.0
592	2.0
593	1.0
595	1.0
598	1.0
599	1.0
600	1.0
601	1.0
602	1.0
603	1.0
604	3.0
605	3.0
606	1.0
1519133279	1.0
609	1.0
610	5.0
611	2.0
612	2.0
613	2.0
614	2.0
615	4.0
616	1.0
617	2.0
618	3.0
619	1.0
620	1.0
621	3.0
622	1.0
623	4.0
624	5.0
625	1.0
629	7.0
630	2.0
631	2.0
632	2.0
633	2.0
634	1.0
635	2.0
639	2.0
642	4.0
643	2.0
644	2.0
646	1.0
647	1.0
648	3.0
650	3.0
651	3.0
652	5.0
653	2.0
25230	1.0
655	1.0
656	2.0
657	3.0
660	1.0
661	1.0
662	1.0
664	4.0
665	1.0
666	1.0
667	2.0
669	3.0
670	3.0
671	2.0
672	2.0
673	1.0
674	1.0
675	2.0
676	2.0
677	1.0
679	1.0
681	3.0
682	2.0
683	2.0
684	1.0
685	4.0
687	1.0
688	2.0
689	2.0
692	3.0
693	3.0
694	1.0
696	1.0
698	1.0
700	2.0
701	3.0
702	3.0
704	2.0
705	3.0
706	3.0
707	1.0
708	1.0
711	1.0
712	2.0
713	1.0
714	1.0
715	1.0
716	1.0
717	1.0
718	1.0
719	2.0
721	2.0
722	1.0
723	2.0
726	1.0
727	1.0
728	2.0
729	1.0
730	2.0
732	1.0
733	2.0
735	1.0
736	1.0
737	1.0
738	1.0
739	2.0
741	1.0
745	1.0
746	1.0
747	4.0
752	1.0
753	1.0
755	1.0
756	1.0
757	2.0
33528	1.0
8953	1.0
766	2.0
767	1.0
769	1.0
773	1.0
774	2.0
775	1.0
777	1.0
779	1.0
781	2.0
782	2.0
783	2.0
784	1.0
785	1.0
786	1.0
1519158035	1.0
789	1.0
8324	1.0
794	1.0
798	1.0
799	2.0
800	1.0
804	2.0
807	1.0
809	1.0
810	1.0
812	1.0
814	1.0
815	1.0
816	1.0
28808	1.0
818	2.0
819	1.0
821	2.0
824	1.0
825	1.0
826	2.0
827	1.0
829	2.0
831	1.0
832	2.0
833	1.0
834	2.0
835	2.0
836	2.0
837	1.0
839	3.0
840	2.0
844	1.0
845	1.0
1519091853	1.0
848	1.0
849	1.0
851	1.0
852	1.0
853	1.0
854	2.0
855	1.0
856	3.0
858	1.0
861	1.0
863	2.0
1519084384	1.0
867	2.0
871	2.0
872	1.0
874	1.0
881	1.0
884	3.0
886	1.0
889	1.0
892	2.0
893	1.0
894	2.0
895	1.0
897	1.0
898	2.0
899	2.0
900	1.0
902	1.0
903	1.0
907	1.0
908	2.0
912	1.0
913	1.0
915	2.0
917	2.0
918	2.0
1519141017	1.0
920	1.0
921	2.0
926	2.0
927	1.0
929	1.0
930	1.0
931	2.0
934	1.0
936	1.0
938	1.0
939	1.0
943	1.0
944	1.0
949	1.0
951	1.0
952	1.0
953	2.0
960	2.0
961	1.0
965	1.0
16545	1.0
971	1.0
973	1.0
974	1.0
984	2.0
985	1.0
986	1.0
987	1.0
990	1.0
993	1.0
994	1.0
996	1.0
998	1.0
1002	1.0
1003	1.0
1004	2.0
1006	1.0
1008	1.0
1009	1.0
1010	1.0
1013	1.0
1014	1.0
1015	1.0
1016	1.0
1017	1.0
1018	1.0
1519117823	1.0
1020	1.0
1023	1.0
1024	1.0
1025	1.0
1026	1.0
1027	1.0
1028	1.0
1032	1.0
1037	1.0
1038	1.0
1039	1.0
1041	1.0
1047	1.0
1049	1.0
1050	3.0
1054	1.0
1056	2.0
1060	1.0
1061	1.0
1064	1.0
1065	1.0
1066	1.0
1068	1.0
1069	1.0
1071	1.0
1076	1.0
1081	1.0
1082	1.0
1088	1.0
1089	1.0
1091	2.0
1093	1.0
1104	1.0
1115	1.0
1519117410	1.0
1129	1.0
1132	1.0
1135	2.0
1138	1.0
1139	1.0
9334	1.0
1145	1.0
9345	1.0
1154	1.0
1158	1.0
1159	1.0
1162	1.0
1165	2.0
1167	1.0
1169	1.0
1170	1.0
1171	1.0
1172	1.0
1174	1.0
1175	1.0
1177	1.0
1181	1.0
1519108293	1.0
1192	1.0
1195	1.0
1203	2.0
1207	1.0
1210	1.0
1211	1.0
1217	1.0
1223	1.0
9423	1.0
1236	1.0
1237	1.0
1240	1.0
1243	1.0
9436	1.0
1246	1.0
3038208209	1.0
1519133928	1.0
1259	1.0
1261	1.0
1267	2.0
1270	1.0
1273	1.0
1275	1.0
1288	1.0
1289	1.0
1297	1.0
1301	1.0
1304	1.0
1306	1.0
1307	1.0
1308	1.0
1309	2.0
1519125794	1.0
1331	1.0
1332	1.0
1334	2.0
17720	1.0
1337	1.0
1519093051	1.0
1346	1.0
1357	1.0
1360	3.0
1363	1.0
1364	1.0
1519101285	1.0
1519084907	1.0
1394	1.0
1397	1.0
1519134075	1.0
8426	1.0
1408	1.0
1409	1.0
1412	1.0
1417	1.0
1423	1.0
1431	1.0
1444	1.0
1447	1.0
1519125932	1.0
1454	1.0
1456	1.0
1466	1.0
1469	2.0
1471	1.0
1476	1.0
1478	1.0
1483	1.0
1484	1.0
1490	1.0
1493	1.0
24600	1.0
8441	1.0
1504	1.0
8443	1.0
1508	1.0
1512	1.0
1519101418	1.0
1522	1.0
1532	1.0
1534	1.0
1535	1.0
1549	1.0
1550	2.0
1570	1.0
17956	1.0
1577	1.0
1583	1.0
1519091976	1.0
1596	1.0
1597	2.0
1599	2.0
1602	1.0
1519099983	1.0
1618	1.0
1619	1.0
1620	1.0
1621	1.0
1634	1.0
26215	1.0
1643	1.0
1644	1.0
1650	1.0
1655	1.0
1659	1.0
1662	1.0
1689	1.0
1692	1.0
1694	1.0
1699	1.0
1736	1.0
9931	1.0
1740	1.0
1519093168	1.0
9941	1.0
1750	2.0
1753	1.0
26330	1.0
1755	1.0
1759	1.0
1761	1.0
1762	1.0
1779	1.0
1781	1.0
1783	1.0
1785	2.0
1519118078	1.0
1791	1.0
1802	4.0
1805	2.0
1807	1.0
1810	1.0
1813	1.0
1828	1.0
10023	1.0
1835	2.0
1837	1.0
1388594991	1.0
1841	2.0
1842	1.0
1850	1.0
18235	1.0
1852	1.0
1858	1.0
1867	1.0
1869	1.0
1871	1.0
1872	1.0
1875	1.0
1880	1.0
1519116359	1.0
1889	1.0
10082	1.0
1519124796	1.0
1909	1.0
10103	1.0
1913	1.0
1914	1.0
1916	1.0
1519085449	1.0
51082	1.0
1947	1.0
1966	2.0
1972	1.0
1974	1.0
1981	1.0
1983	1.0
1519133004	1.0
2004	1.0
1519110111	1.0
18401	1.0
2020	1.0
1519060966	1.0
2025	1.0
1519085553	1.0
2044	1.0
1519118345	1.0
2060	1.0
2065	1.0
8253	1.0
2097	1.0
2099	1.0
2110	1.0
2118	2.0
2119	1.0
2120	1.0
18511	1.0
2136	1.0
2138	2.0
2150	1.0
2154	1.0
10347	1.0
10356	1.0
2208	1.0
2211	1.0
1519126711	1.0
2232	1.0
2240	1.0
2246	2.0
2254	1.0
2293	1.0
2300	1.0
1749	1.0
2309	1.0
2313	1.0
2317	1.0
3038259472	1.0
2353	1.0
2359	1.0
1519077691	1.0
2368	1.0
3038265740	1.0
26976	1.0
2403	1.0
2416	1.0
2429	1.0
2431	1.0
1519085970	1.0
1519135143	1.0
1519102389	1.0
8607	1.0
2495	1.0
2500	1.0
2505	1.0
2527	1.0
10733	1.0
27121	1.0
1519135230	1.0
2574	1.0
18965	1.0
2585	1.0
2586	1.0
2596	1.0
1519086119	1.0
2603	1.0
2606	2.0
2617	1.0
2631	1.0
1519094346	1.0
35408	1.0
1519094361	1.0
2690	1.0
1519086212	1.0
2701	1.0
2713	1.0
22300	1.0
2737	1.0
1519127235	1.0
1519110852	1.0
2761	1.0
1519094475	1.0
2770	1.0
2783	1.0
2800	1.0
1519127294	1.0
1519119107	1.0
2826	1.0
1519119117	1.0
16862	1.0
8280	1.0
2908	1.0
2917	1.0
35686	1.0
2919	2.0
2922	1.0
2934	1.0
2949	2.0
2971	1.0
2977	1.0
1519102894	1.0
11187	1.0
27581	1.0
3026	1.0
3039	1.0
3047	1.0
27635	1.0
1519133182	1.0
1519086601	1.0
3083	1.0
3090	1.0
1519103000	1.0
27680	1.0
1519111251	1.0
1519062118	1.0
1519127656	1.0
3185	1.0
3210	1.0
1519103125	1.0
1519086746	1.0
19621	1.0
3258	1.0
3259	1.0
85181	1.0
3269	1.0
1519111375	1.0
1519127761	1.0
3288	1.0
3341	1.0
1519119631	1.0
1519086865	1.0
8751	1.0
1519086883	1.0
3371	1.0
3380	1.0
1929	1.0
3384	1.0
3397	1.0
3422	1.0
1519095140	1.0
3439	1.0
3440	1.0
3441	1.0
3452	1.0
36224	1.0
3458	1.0
3506	1.0
3515	1.0
11720	1.0
3543	1.0
1519111640	1.0
82511	1.0
3548	1.0
3549	1.0
3606	1.0
3607	1.0
11802	1.0
3623	1.0
3641	1.0
36418	1.0
3651	1.0
3038228048	1.0
3665	1.0
3667	1.0
1519119960	1.0
1519111769	1.0
1519111774	1.0
3682	1.0
3703	2.0
3711	1.0
3712	1.0
3720	1.0
1519120052	1.0
61159	1.0
3850	1.0
3869	1.0
1519103780	1.0
2015	1.0
3928	1.0
3939	1.0
66193	1.0
3952	1.0
8852	1.0
3982	1.0
1519136673	1.0
1519120311	1.0
20431	1.0
4051	1.0
1519095778	1.0
4086	1.0
4100	1.0
1519128613	1.0
1519104052	1.0
1519087671	1.0
4159	1.0
4160	1.0
4165	1.0
4178	1.0
1519128677	1.0
4198	1.0
4204	1.0
20616	1.0
37002	1.0
4240	1.0
1519104172	1.0
12461	1.0
4271	1.0
4297	1.0
37075	1.0
4313	1.0
4340	1.0
282879	1.0
1519071546	1.0
4433	1.0
4439	1.0
4462	1.0
1519128949	1.0
1519100657	1.0
1519088049	1.0
4533	1.0
4542	1.0
20956	1.0
1519137245	1.0
1519096310	1.0
4624	1.0
1519120944	1.0
1519112753	1.0
1519088178	1.0
4699	1.0
4718	1.0
1519096446	1.0
1519096479	1.0
1519111000	1.0
1519104694	1.0
1519121080	1.0
1519088314	1.0
1420653244	1.0
4810	1.0
4865	1.0
4888	1.0
4897	1.0
4899	1.0
4922	1.0
21314	1.0
1519121210	1.0
4964	1.0
21388	1.0
1519113112	1.0
86953	1.0
5052	1.0
1519088579	1.0
5062	1.0
13270	1.0
5081	1.0
1519105004	1.0
13293	1.0
5114	1.0
1519096834	1.0
1519121416	1.0
1519100760	1.0
5159	1.0
5172	1.0
5176	1.0
1519105084	1.0
5202	1.0
5229	1.0
1519064188	1.0
15895	1.0
5280	1.0
21670	1.0
1519129774	1.0
5355	1.0
5373	1.0
5387	1.0
5396	1.0
5400	1.0
1519121765	1.0
1519097236	1.0
1519133593	1.0
1519114488	1.0
1519130073	1.0
1519125414	1.0
46567	1.0
1519113736	1.0
1519113742	1.0
5677	1.0
5692	1.0
46661	1.0
1519122012	1.0
5725	1.0
1519130251	1.0
1519113868	1.0
22165	1.0
1519097494	1.0
1519113889	1.0
5809	1.0
5861	1.0
5864	1.0
30453	1.0
14078	1.0
5916	1.0
1519114014	1.0
1519089447	1.0
1519130408	1.0
1519117284	1.0
1519089510	1.0
6096	1.0
1519122385	1.0
1519114260	1.0
6199	1.0
6219	1.0
6259	1.0
22668	1.0
1519081632	1.0
6324	1.0
6352	1.0
1519106264	1.0
1519098080	1.0
1519089889	1.0
1519089906	1.0
14584	1.0
6412	1.0
1519090016	1.0
6498	1.0
2450	1.0
1519090044	1.0
47492	1.0
14728	1.0
1519131052	1.0
1519098297	1.0
14792	1.0
6664	1.0
6671	1.0
1519131176	1.0
1519106674	1.0
6773	1.0
15004	1.0
1519098533	1.0
1519082159	1.0
23239	1.0
6873	1.0
1519123173	1.0
1519123174	1.0
15079	1.0
6927	1.0
1519115054	1.0
1519139699	1.0
1519131559	2.0
7082	1.0
1519082421	1.0
7121	1.0
1519107049	1.0
1519131692	1.0
15408	1.0
1519098931	1.0
7239	1.0
15503	1.0
1519082674	1.0
1610	1.0
3038166329	1.0
7537	1.0
1519140215	1.0
1519123854	1.0
23994	1.0
1519140358	1.0
1519091210	1.0
7703	1.0
1519099446	1.0
1519099452	1.0
7743	1.0
1519140472	1.0
1519140496	1.0
16026	1.0
32413	1.0
1519115965	1.0
1519083202	1.0
1519099631	1.0
40752	1.0
1519119001	1.0
1519091609	1.0
1519132612	1.0
1519132618	1.0
