1	73.0
2	103.0
3	107.0
4	150.0
5	195.0
6	307.0
7	345.0
8	371.0
9	409.0
10	355.0
11	349.0
12	366.0
13	375.0
14	405.0
15	427.0
16	457.0
17	443.0
18	541.0
19	545.0
20	618.0
21	617.0
22	709.0
23	740.0
24	816.0
25	780.0
26	815.0
27	860.0
28	935.0
29	936.0
30	915.0
31	949.0
32	940.0
33	967.0
34	1049.0
35	1009.0
36	987.0
37	1034.0
38	1055.0
39	1071.0
40	1021.0
41	1132.0
42	1095.0
43	1102.0
44	1064.0
45	1095.0
46	1139.0
47	1201.0
48	1168.0
49	1148.0
50	1164.0
51	1164.0
52	1207.0
53	1168.0
54	1129.0
55	1117.0
56	1152.0
57	1127.0
58	1124.0
59	1106.0
60	1094.0
61	1120.0
62	1184.0
63	1129.0
64	1099.0
65	1104.0
66	1218.0
67	1117.0
68	1108.0
69	1110.0
70	1160.0
71	1164.0
72	1114.0
73	1150.0
74	1112.0
75	1061.0
76	1143.0
77	1045.0
78	1091.0
79	1097.0
80	1069.0
81	1076.0
82	1039.0
83	1080.0
84	1098.0
85	1059.0
86	1089.0
87	1031.0
88	1046.0
89	1033.0
90	1020.0
91	1084.0
92	1055.0
93	979.0
94	1054.0
95	1130.0
96	1072.0
97	984.0
98	1017.0
99	989.0
100	995.0
101	995.0
102	1001.0
103	997.0
104	1010.0
105	975.0
106	939.0
107	1033.0
108	996.0
109	978.0
110	948.0
111	1030.0
112	968.0
113	998.0
114	1053.0
115	992.0
116	937.0
117	993.0
118	974.0
119	975.0
120	969.0
121	994.0
122	981.0
123	969.0
124	973.0
125	921.0
126	972.0
127	990.0
128	954.0
129	901.0
130	968.0
131	914.0
132	923.0
133	933.0
134	915.0
135	981.0
136	910.0
137	1019.0
138	976.0
139	979.0
140	951.0
141	978.0
142	877.0
143	956.0
144	958.0
145	948.0
146	950.0
147	944.0
148	938.0
149	842.0
150	968.0
151	889.0
152	948.0
153	897.0
154	861.0
155	903.0
156	894.0
157	927.0
158	924.0
159	924.0
160	884.0
161	865.0
162	905.0
163	905.0
164	919.0
165	905.0
166	917.0
167	919.0
168	868.0
169	895.0
170	871.0
171	850.0
172	918.0
173	883.0
174	837.0
175	876.0
176	877.0
177	867.0
178	863.0
179	860.0
180	888.0
181	834.0
182	809.0
183	851.0
184	892.0
185	827.0
186	849.0
187	807.0
188	870.0
189	870.0
190	788.0
191	796.0
192	874.0
193	825.0
194	844.0
195	848.0
196	821.0
197	837.0
198	826.0
199	799.0
200	789.0
201	786.0
202	753.0
203	746.0
204	784.0
205	808.0
206	697.0
207	802.0
208	821.0
209	762.0
210	791.0
211	760.0
212	757.0
213	791.0
214	774.0
215	783.0
216	752.0
217	753.0
218	801.0
219	710.0
220	716.0
221	764.0
222	769.0
223	732.0
224	743.0
225	723.0
226	716.0
227	721.0
228	732.0
229	701.0
230	762.0
231	710.0
232	692.0
233	689.0
234	660.0
235	692.0
236	734.0
237	651.0
238	683.0
239	738.0
240	633.0
241	677.0
242	714.0
243	666.0
244	672.0
245	648.0
246	651.0
247	651.0
248	632.0
249	674.0
250	644.0
251	645.0
252	632.0
253	673.0
254	621.0
255	618.0
256	618.0
257	650.0
258	655.0
259	641.0
260	620.0
261	638.0
262	609.0
263	641.0
264	619.0
265	594.0
266	603.0
267	591.0
268	611.0
269	604.0
270	597.0
271	595.0
272	578.0
273	585.0
274	573.0
275	562.0
276	602.0
277	579.0
278	565.0
279	571.0
280	553.0
281	569.0
282	572.0
283	532.0
284	543.0
285	522.0
286	555.0
287	560.0
288	567.0
289	535.0
290	526.0
291	526.0
292	552.0
293	520.0
294	496.0
295	530.0
296	521.0
297	553.0
298	519.0
299	523.0
300	511.0
301	531.0
302	520.0
303	522.0
304	558.0
305	487.0
306	499.0
307	495.0
308	484.0
309	477.0
310	483.0
311	483.0
312	494.0
313	455.0
314	471.0
315	494.0
316	501.0
317	517.0
318	485.0
319	441.0
320	464.0
321	420.0
322	433.0
323	442.0
324	434.0
325	415.0
326	468.0
327	447.0
328	431.0
329	443.0
330	427.0
331	461.0
332	471.0
333	398.0
334	445.0
335	430.0
336	446.0
337	411.0
338	434.0
339	427.0
340	393.0
341	462.0
342	447.0
343	435.0
344	407.0
345	418.0
346	394.0
347	413.0
348	414.0
349	395.0
350	359.0
351	430.0
352	420.0
353	371.0
354	445.0
355	382.0
356	422.0
357	450.0
358	403.0
359	340.0
360	367.0
361	414.0
362	378.0
363	358.0
364	396.0
365	409.0
366	386.0
367	406.0
368	349.0
369	386.0
370	348.0
371	373.0
372	407.0
373	373.0
374	337.0
375	354.0
376	326.0
377	388.0
378	344.0
379	395.0
380	369.0
381	353.0
382	356.0
383	331.0
384	326.0
385	325.0
386	359.0
387	348.0
388	315.0
389	319.0
390	334.0
391	321.0
392	338.0
393	359.0
394	327.0
395	312.0
396	341.0
397	311.0
398	319.0
399	339.0
400	353.0
401	319.0
402	318.0
403	350.0
404	353.0
405	357.0
406	358.0
407	301.0
408	329.0
409	315.0
410	322.0
411	314.0
412	286.0
413	326.0
414	335.0
415	309.0
416	299.0
417	302.0
418	273.0
419	289.0
420	293.0
421	297.0
422	310.0
423	288.0
424	283.0
425	295.0
426	287.0
427	276.0
428	291.0
429	294.0
430	262.0
431	254.0
432	263.0
433	310.0
434	257.0
435	288.0
436	269.0
437	271.0
438	266.0
439	268.0
440	302.0
441	267.0
442	269.0
443	269.0
444	263.0
445	274.0
446	273.0
447	271.0
448	262.0
449	262.0
450	272.0
451	256.0
452	264.0
453	273.0
454	258.0
455	251.0
456	287.0
457	276.0
458	304.0
459	264.0
460	255.0
461	245.0
462	253.0
463	261.0
464	240.0
465	239.0
466	265.0
467	227.0
468	240.0
469	240.0
470	232.0
471	254.0
472	234.0
473	247.0
474	235.0
475	271.0
476	237.0
477	211.0
478	233.0
479	243.0
480	260.0
481	222.0
482	261.0
483	275.0
484	237.0
485	263.0
486	254.0
487	229.0
488	229.0
489	232.0
490	241.0
491	231.0
492	221.0
493	206.0
494	232.0
495	207.0
496	208.0
497	229.0
498	209.0
499	190.0
500	220.0
501	248.0
502	226.0
503	226.0
504	247.0
505	226.0
506	211.0
507	211.0
508	229.0
509	224.0
510	210.0
511	204.0
512	197.0
513	221.0
514	200.0
515	227.0
516	184.0
517	202.0
518	234.0
519	219.0
520	212.0
521	211.0
522	206.0
523	223.0
524	202.0
525	212.0
526	201.0
527	189.0
528	177.0
529	238.0
530	192.0
531	201.0
532	182.0
533	195.0
534	203.0
535	178.0
536	174.0
537	206.0
538	200.0
539	219.0
540	194.0
541	192.0
542	191.0
543	212.0
544	195.0
545	179.0
546	179.0
547	184.0
548	185.0
549	203.0
550	186.0
551	174.0
552	204.0
553	203.0
554	197.0
555	202.0
556	182.0
557	183.0
558	183.0
559	171.0
560	169.0
561	169.0
562	193.0
563	205.0
564	166.0
565	184.0
566	178.0
567	165.0
568	176.0
569	187.0
570	181.0
571	165.0
572	161.0
573	175.0
574	194.0
575	184.0
576	181.0
577	184.0
578	178.0
579	155.0
580	174.0
581	176.0
582	161.0
583	164.0
584	177.0
585	182.0
586	160.0
587	175.0
588	146.0
589	167.0
590	142.0
591	179.0
592	185.0
593	170.0
594	187.0
595	161.0
596	178.0
597	170.0
598	148.0
599	172.0
600	169.0
601	171.0
602	154.0
603	146.0
604	151.0
605	150.0
606	191.0
607	164.0
608	154.0
609	158.0
610	161.0
611	166.0
612	153.0
613	154.0
614	159.0
615	120.0
616	171.0
617	159.0
618	168.0
619	133.0
620	136.0
621	142.0
622	139.0
623	161.0
624	160.0
625	136.0
626	153.0
627	156.0
628	149.0
629	168.0
630	152.0
631	159.0
632	158.0
633	160.0
634	146.0
635	136.0
636	146.0
637	176.0
638	157.0
639	142.0
640	138.0
641	139.0
642	137.0
643	146.0
644	158.0
645	134.0
646	145.0
647	158.0
648	149.0
649	122.0
650	152.0
651	150.0
652	156.0
653	138.0
654	140.0
655	141.0
656	141.0
657	133.0
658	154.0
659	149.0
660	144.0
661	125.0
662	122.0
663	151.0
664	157.0
665	132.0
666	155.0
667	151.0
668	145.0
669	124.0
670	158.0
671	142.0
672	148.0
673	130.0
674	133.0
675	135.0
676	133.0
677	157.0
678	149.0
679	125.0
680	129.0
681	152.0
682	145.0
683	143.0
684	141.0
685	130.0
686	136.0
687	141.0
688	147.0
689	145.0
690	125.0
691	113.0
692	126.0
693	138.0
694	137.0
695	112.0
696	147.0
697	135.0
698	138.0
699	130.0
700	116.0
701	116.0
702	122.0
703	121.0
704	119.0
705	109.0
706	121.0
707	134.0
708	137.0
709	117.0
710	112.0
711	141.0
712	120.0
713	128.0
714	125.0
715	120.0
716	125.0
717	129.0
718	108.0
719	133.0
720	122.0
721	114.0
722	131.0
723	127.0
724	117.0
725	123.0
726	99.0
727	108.0
728	128.0
729	100.0
730	107.0
731	94.0
732	110.0
733	117.0
734	116.0
735	122.0
736	118.0
737	125.0
738	121.0
739	125.0
740	121.0
741	130.0
742	103.0
743	120.0
744	110.0
745	130.0
746	122.0
747	121.0
748	113.0
749	106.0
750	117.0
751	123.0
752	101.0
753	112.0
754	102.0
755	117.0
756	107.0
757	115.0
758	114.0
759	96.0
760	112.0
761	134.0
762	114.0
763	96.0
764	113.0
765	99.0
766	111.0
767	115.0
768	97.0
769	116.0
770	124.0
771	96.0
772	93.0
773	116.0
774	108.0
775	108.0
776	104.0
777	101.0
778	109.0
779	104.0
780	103.0
781	97.0
782	111.0
783	96.0
784	96.0
785	99.0
786	108.0
787	86.0
788	107.0
789	101.0
790	108.0
791	106.0
792	96.0
793	101.0
794	110.0
795	106.0
796	105.0
797	115.0
798	98.0
799	107.0
800	91.0
801	88.0
802	103.0
803	95.0
804	94.0
805	111.0
806	112.0
807	102.0
808	99.0
809	91.0
810	85.0
811	106.0
812	89.0
813	74.0
814	92.0
815	104.0
816	101.0
817	107.0
818	99.0
819	89.0
820	85.0
821	97.0
822	84.0
823	88.0
824	97.0
825	97.0
826	83.0
827	105.0
828	94.0
829	85.0
830	81.0
831	92.0
832	89.0
833	112.0
834	89.0
835	101.0
836	103.0
837	85.0
838	87.0
839	93.0
840	80.0
841	83.0
842	83.0
843	81.0
844	90.0
845	76.0
846	81.0
847	102.0
848	88.0
849	74.0
850	96.0
851	87.0
852	86.0
853	108.0
854	81.0
855	94.0
856	86.0
857	100.0
858	92.0
859	89.0
860	82.0
861	89.0
862	84.0
863	90.0
864	79.0
865	91.0
866	76.0
867	81.0
868	94.0
869	78.0
870	83.0
871	79.0
872	80.0
873	97.0
874	85.0
875	91.0
876	90.0
877	82.0
878	90.0
879	81.0
880	85.0
881	96.0
882	73.0
883	79.0
884	91.0
885	74.0
886	77.0
887	99.0
888	74.0
889	72.0
890	76.0
891	74.0
892	81.0
893	73.0
894	75.0
895	92.0
896	74.0
897	84.0
898	62.0
899	70.0
900	76.0
901	83.0
902	78.0
903	97.0
904	80.0
905	72.0
906	68.0
907	58.0
908	77.0
909	81.0
910	92.0
911	68.0
912	86.0
913	72.0
914	79.0
915	85.0
916	73.0
917	70.0
918	85.0
919	78.0
920	78.0
921	81.0
922	69.0
923	69.0
924	66.0
925	74.0
926	74.0
927	61.0
928	98.0
929	77.0
930	85.0
931	78.0
932	66.0
933	75.0
934	80.0
935	76.0
936	66.0
937	61.0
938	68.0
939	74.0
940	89.0
941	74.0
942	71.0
943	69.0
944	78.0
945	62.0
946	100.0
947	70.0
948	70.0
949	57.0
950	81.0
951	90.0
952	85.0
953	84.0
954	74.0
955	67.0
956	66.0
957	61.0
958	66.0
959	70.0
960	75.0
961	79.0
962	75.0
963	74.0
964	86.0
965	54.0
966	65.0
967	59.0
968	76.0
969	72.0
970	64.0
971	81.0
972	67.0
973	49.0
974	77.0
975	55.0
976	62.0
977	59.0
978	46.0
979	77.0
980	65.0
981	64.0
982	54.0
983	66.0
984	63.0
985	49.0
986	66.0
987	70.0
988	52.0
989	71.0
990	60.0
991	61.0
992	64.0
993	74.0
994	56.0
995	67.0
996	52.0
997	61.0
998	64.0
999	65.0
1000	67.0
1001	53.0
1002	62.0
1003	69.0
1004	58.0
1005	58.0
1006	58.0
1007	77.0
1008	62.0
1009	53.0
1010	67.0
1011	67.0
1012	57.0
1013	56.0
1014	65.0
1015	68.0
1016	67.0
1017	61.0
1018	71.0
1019	62.0
1020	57.0
1021	71.0
1022	51.0
1023	51.0
1024	67.0
1025	56.0
1026	68.0
1027	68.0
1028	58.0
1029	61.0
1030	51.0
1031	59.0
1032	68.0
1033	53.0
1034	71.0
1035	64.0
1036	60.0
1037	61.0
1038	76.0
1039	61.0
1040	58.0
1041	52.0
1042	51.0
1043	56.0
1044	55.0
1045	53.0
1046	59.0
1047	64.0
1048	50.0
1049	71.0
1050	47.0
1051	51.0
1052	59.0
1053	49.0
1054	54.0
1055	56.0
1056	47.0
1057	58.0
1058	68.0
1059	52.0
1060	62.0
1061	51.0
1062	60.0
1063	46.0
1064	57.0
1065	52.0
1066	58.0
1067	59.0
1068	59.0
1069	45.0
1070	49.0
1071	75.0
1072	52.0
1073	61.0
1074	45.0
1075	58.0
1076	42.0
1077	66.0
1078	52.0
1079	62.0
1080	49.0
1081	52.0
1082	52.0
1083	66.0
1084	55.0
1085	58.0
1086	49.0
1087	51.0
1088	61.0
1089	43.0
1090	56.0
1091	47.0
1092	40.0
1093	55.0
1094	61.0
1095	50.0
1096	60.0
1097	57.0
1098	53.0
1099	48.0
1100	44.0
1101	48.0
1102	49.0
1103	52.0
1104	46.0
1105	47.0
1106	68.0
1107	50.0
1108	51.0
1109	52.0
1110	53.0
1111	49.0
1112	58.0
1113	51.0
1114	43.0
1115	47.0
1116	59.0
1117	54.0
1118	64.0
1119	36.0
1120	51.0
1121	52.0
1122	52.0
1123	58.0
1124	43.0
1125	41.0
1126	46.0
1127	51.0
1128	41.0
1129	53.0
1130	62.0
1131	47.0
1132	51.0
1133	45.0
1134	48.0
1135	50.0
1136	57.0
1137	38.0
1138	49.0
1139	46.0
1140	37.0
1141	56.0
1142	47.0
1143	46.0
1144	43.0
1145	40.0
1146	54.0
1147	45.0
1148	38.0
1149	50.0
1150	53.0
1151	50.0
1152	49.0
1153	43.0
1154	41.0
1155	46.0
1156	44.0
1157	41.0
1158	44.0
1159	47.0
1160	51.0
1161	46.0
1162	36.0
1163	45.0
1164	48.0
1165	54.0
1166	46.0
1167	41.0
1168	51.0
1169	38.0
1170	49.0
1171	37.0
1172	51.0
1173	54.0
1174	44.0
1175	42.0
1176	42.0
1177	40.0
1178	47.0
1179	55.0
1180	46.0
1181	34.0
1182	51.0
1183	46.0
1184	41.0
1185	44.0
1186	45.0
1187	46.0
1188	36.0
1189	36.0
1190	50.0
1191	41.0
1192	46.0
1193	39.0
1194	43.0
1195	42.0
1196	49.0
1197	53.0
1198	33.0
1199	51.0
1200	38.0
1201	47.0
1202	31.0
1203	31.0
1204	32.0
1205	35.0
1206	44.0
1207	24.0
1208	55.0
1209	44.0
1210	41.0
1211	42.0
1212	53.0
1213	34.0
1214	47.0
1215	41.0
1216	38.0
1217	36.0
1218	31.0
1219	34.0
1220	34.0
1221	53.0
1222	36.0
1223	25.0
1224	40.0
1225	43.0
1226	35.0
1227	37.0
1228	49.0
1229	44.0
1230	34.0
1231	41.0
1232	39.0
1233	37.0
1234	34.0
1235	37.0
1236	32.0
1237	39.0
1238	44.0
1239	47.0
1240	34.0
1241	43.0
1242	43.0
1243	45.0
1244	33.0
1245	32.0
1246	42.0
1247	28.0
1248	26.0
1249	46.0
1250	30.0
1251	36.0
1252	42.0
1253	41.0
1254	34.0
1255	38.0
1256	37.0
1257	38.0
1258	39.0
1259	53.0
1260	38.0
1261	29.0
1262	29.0
1263	44.0
1264	35.0
1265	41.0
1266	41.0
1267	34.0
1268	39.0
1269	36.0
1270	32.0
1271	32.0
1272	41.0
1273	41.0
1274	32.0
1275	40.0
1276	37.0
1277	32.0
1278	45.0
1279	31.0
1280	32.0
1281	27.0
1282	34.0
1283	34.0
1284	26.0
1285	34.0
1286	37.0
1287	39.0
1288	45.0
1289	33.0
1290	41.0
1291	33.0
1292	38.0
1293	30.0
1294	36.0
1295	40.0
1296	29.0
1297	30.0
1298	28.0
1299	38.0
1300	31.0
1301	32.0
1302	36.0
1303	38.0
1304	31.0
1305	35.0
1306	36.0
1307	28.0
1308	35.0
1309	22.0
1310	35.0
1311	17.0
1312	31.0
1313	30.0
1314	25.0
1315	37.0
1316	34.0
1317	35.0
1318	40.0
1319	41.0
1320	36.0
1321	26.0
1322	29.0
1323	39.0
1324	28.0
1325	36.0
1326	36.0
1327	43.0
1328	35.0
1329	35.0
1330	32.0
1331	46.0
1332	30.0
1333	31.0
1334	26.0
1335	23.0
1336	28.0
1337	47.0
1338	36.0
1339	36.0
1340	35.0
1341	30.0
1342	29.0
1343	28.0
1344	27.0
1345	34.0
1346	31.0
1347	28.0
1348	38.0
1349	30.0
1350	34.0
1351	30.0
1352	21.0
1353	28.0
1354	37.0
1355	32.0
1356	33.0
1357	39.0
1358	27.0
1359	28.0
1360	35.0
1361	24.0
1362	44.0
1363	38.0
1364	24.0
1365	24.0
1366	30.0
1367	21.0
1368	24.0
1369	34.0
1370	25.0
1371	29.0
1372	30.0
1373	23.0
1374	19.0
1375	33.0
1376	32.0
1377	23.0
1378	36.0
1379	27.0
1380	26.0
1381	21.0
1382	33.0
1383	27.0
1384	21.0
1385	31.0
1386	24.0
1387	37.0
1388	32.0
1389	25.0
1390	23.0
1391	32.0
1392	28.0
1393	28.0
1394	26.0
1395	36.0
1396	33.0
1397	28.0
1398	32.0
1399	40.0
1400	28.0
1401	28.0
1402	22.0
1403	20.0
1404	30.0
1405	30.0
1406	31.0
1407	36.0
1408	26.0
1409	31.0
1410	31.0
1411	27.0
1412	30.0
1413	22.0
1414	28.0
1415	23.0
1416	22.0
1417	34.0
1418	30.0
1419	32.0
1420	26.0
1421	17.0
1422	25.0
1423	28.0
1424	28.0
1425	25.0
1426	25.0
1427	30.0
1428	23.0
1429	30.0
1430	14.0
1431	24.0
1432	27.0
1433	19.0
1434	28.0
1435	19.0
1436	36.0
1437	17.0
1438	22.0
1439	33.0
1440	34.0
1441	26.0
1442	19.0
1443	31.0
1444	20.0
1445	20.0
1446	25.0
1447	27.0
1448	27.0
1449	30.0
1450	25.0
1451	22.0
1452	31.0
1453	23.0
1454	22.0
1455	30.0
1456	25.0
1457	26.0
1458	28.0
1459	23.0
1460	18.0
1461	20.0
1462	28.0
1463	29.0
1464	26.0
1465	28.0
1466	31.0
1467	21.0
1468	24.0
1469	23.0
1470	24.0
1471	25.0
1472	23.0
1473	20.0
1474	32.0
1475	25.0
1476	24.0
1477	21.0
1478	25.0
1479	19.0
1480	17.0
1481	30.0
1482	33.0
1483	24.0
1484	30.0
1485	28.0
1486	27.0
1487	24.0
1488	19.0
1489	20.0
1490	19.0
1491	25.0
1492	24.0
1493	20.0
1494	18.0
1495	35.0
1496	25.0
1497	24.0
1498	20.0
1499	23.0
1500	19.0
1501	15.0
1502	23.0
1503	26.0
1504	32.0
1505	28.0
1506	25.0
1507	24.0
1508	26.0
1509	30.0
1510	30.0
1511	31.0
1512	17.0
1513	30.0
1514	29.0
1515	24.0
1516	19.0
1517	29.0
1518	22.0
1519	22.0
1520	23.0
1521	17.0
1522	33.0
1523	24.0
1524	19.0
1525	28.0
1526	19.0
1527	23.0
1528	27.0
1529	14.0
1530	34.0
1531	22.0
1532	21.0
1533	26.0
1534	20.0
1535	16.0
1536	19.0
1537	23.0
1538	24.0
1539	23.0
1540	30.0
1541	20.0
1542	16.0
1543	24.0
1544	21.0
1545	22.0
1546	18.0
1547	15.0
1548	27.0
1549	15.0
1550	23.0
1551	31.0
1552	23.0
1553	25.0
1554	18.0
1555	21.0
1556	25.0
1557	24.0
1558	18.0
1559	22.0
1560	28.0
1561	31.0
1562	15.0
1563	21.0
1564	24.0
1565	23.0
1566	18.0
1567	16.0
1568	22.0
1569	13.0
1570	22.0
1571	25.0
1572	19.0
1573	16.0
1574	20.0
1575	11.0
1576	17.0
1577	24.0
1578	22.0
1579	26.0
1580	16.0
1581	29.0
1582	20.0
1583	20.0
1584	13.0
1585	22.0
1586	14.0
1587	24.0
1588	25.0
1589	19.0
1590	18.0
1591	21.0
1592	17.0
1593	18.0
1594	16.0
1595	20.0
1596	16.0
1597	16.0
1598	23.0
1599	15.0
1600	20.0
1601	29.0
1602	23.0
1603	15.0
1604	15.0
1605	16.0
1606	15.0
1607	17.0
1608	20.0
1609	18.0
1610	21.0
1611	22.0
1612	20.0
1613	18.0
1614	12.0
1615	10.0
1616	13.0
1617	19.0
1618	19.0
1619	23.0
1620	15.0
1621	17.0
1622	20.0
1623	20.0
1624	18.0
1625	23.0
1626	28.0
1627	11.0
1628	18.0
1629	21.0
1630	14.0
1631	18.0
1632	21.0
1633	22.0
1634	11.0
1635	17.0
1636	21.0
1637	18.0
1638	23.0
1639	19.0
1640	21.0
1641	12.0
1642	15.0
1643	13.0
1644	13.0
1645	15.0
1646	13.0
1647	18.0
1648	21.0
1649	20.0
1650	20.0
1651	13.0
1652	13.0
1653	12.0
1654	16.0
1655	18.0
1656	15.0
1657	20.0
1658	11.0
1659	13.0
1660	8.0
1661	17.0
1662	20.0
1663	8.0
1664	14.0
1665	19.0
1666	17.0
1667	14.0
1668	15.0
1669	19.0
1670	8.0
1671	17.0
1672	16.0
1673	11.0
1674	10.0
1675	19.0
1676	25.0
1677	16.0
1678	17.0
1679	18.0
1680	18.0
1681	13.0
1682	16.0
1683	16.0
1684	20.0
1685	17.0
1686	19.0
1687	14.0
1688	12.0
1689	13.0
1690	20.0
1691	19.0
1692	27.0
1693	19.0
1694	29.0
1695	26.0
1696	12.0
1697	20.0
1698	23.0
1699	15.0
1700	16.0
1701	20.0
1702	12.0
1703	14.0
1704	14.0
1705	13.0
1706	15.0
1707	16.0
1708	11.0
1709	19.0
1710	12.0
1711	8.0
1712	15.0
1713	13.0
1714	17.0
1715	18.0
1716	16.0
1717	14.0
1718	13.0
1719	13.0
1720	11.0
1721	16.0
1722	15.0
1723	10.0
1724	15.0
1725	16.0
1726	17.0
1727	16.0
1728	19.0
1729	15.0
1730	9.0
1731	17.0
1732	18.0
1733	18.0
1734	14.0
1735	15.0
1736	13.0
1737	14.0
1738	12.0
1739	9.0
1740	16.0
1741	14.0
1742	10.0
1743	19.0
1744	17.0
1745	9.0
1746	19.0
1747	13.0
1748	18.0
1749	17.0
1750	16.0
1751	15.0
1752	15.0
1753	12.0
1754	21.0
1755	10.0
1756	14.0
1757	15.0
1758	21.0
1759	15.0
1760	20.0
1761	6.0
1762	18.0
1763	11.0
1764	20.0
1765	16.0
1766	10.0
1767	14.0
1768	14.0
1769	10.0
1770	11.0
1771	11.0
1772	17.0
1773	17.0
1774	11.0
1775	12.0
1776	11.0
1777	10.0
1778	18.0
1779	13.0
1780	12.0
1781	14.0
1782	9.0
1783	12.0
1784	12.0
1785	11.0
1786	15.0
1787	15.0
1788	15.0
1789	7.0
1790	13.0
1791	8.0
1792	14.0
1793	17.0
1794	11.0
1795	11.0
1796	11.0
1797	9.0
1798	12.0
1799	17.0
1800	12.0
1801	8.0
1802	12.0
1803	18.0
1804	9.0
1805	15.0
1806	14.0
1807	13.0
1808	14.0
1809	11.0
1810	15.0
1811	8.0
1812	16.0
1813	15.0
1814	12.0
1815	13.0
1816	8.0
1817	6.0
1818	12.0
1819	15.0
1820	13.0
1821	19.0
1822	11.0
1823	11.0
1824	12.0
1825	17.0
1826	9.0
1827	13.0
1828	7.0
1829	16.0
1830	13.0
1831	10.0
1832	17.0
1833	16.0
1834	14.0
1835	7.0
1836	15.0
1837	13.0
1838	14.0
1839	11.0
1840	9.0
1841	7.0
1842	9.0
1843	14.0
1844	11.0
1845	9.0
1846	10.0
1847	10.0
1848	15.0
1849	14.0
1850	12.0
1851	9.0
1852	13.0
1853	13.0
1854	16.0
1855	9.0
1856	13.0
1857	6.0
1858	7.0
1859	12.0
1860	10.0
1861	16.0
1862	13.0
1863	10.0
1864	17.0
1865	16.0
1866	11.0
1867	16.0
1868	16.0
1869	11.0
1870	13.0
1871	13.0
1872	13.0
1873	8.0
1874	3.0
1875	4.0
1876	6.0
1877	14.0
1878	5.0
1879	11.0
1880	13.0
1881	17.0
1882	16.0
1883	10.0
1884	7.0
1885	16.0
1886	12.0
1887	8.0
1888	4.0
1889	9.0
1890	10.0
1891	6.0
1892	16.0
1893	11.0
1894	8.0
1895	12.0
1896	8.0
1897	17.0
1898	14.0
1899	8.0
1900	17.0
1901	12.0
1902	12.0
1903	12.0
1904	9.0
1905	16.0
1906	16.0
1907	8.0
1908	6.0
1909	13.0
1910	6.0
1911	18.0
1912	2.0
1913	11.0
1914	9.0
1915	9.0
1916	14.0
1917	17.0
1918	10.0
1919	12.0
1920	12.0
1921	16.0
1922	7.0
1923	13.0
1924	12.0
1925	13.0
1926	16.0
1927	13.0
1928	17.0
1929	15.0
1930	12.0
1931	9.0
1932	9.0
1933	11.0
1934	9.0
1935	5.0
1936	11.0
1937	11.0
1938	12.0
1939	8.0
1940	12.0
1941	14.0
1942	12.0
1943	14.0
1944	5.0
1945	11.0
1946	8.0
1947	10.0
1948	7.0
1949	7.0
1950	10.0
1951	14.0
1952	13.0
1953	13.0
1954	10.0
1955	10.0
1956	9.0
1957	15.0
1958	10.0
1959	11.0
1960	7.0
1961	9.0
1962	11.0
1963	11.0
1964	9.0
1965	6.0
1966	12.0
1967	12.0
1968	10.0
1969	6.0
1970	12.0
1971	12.0
1972	9.0
1973	9.0
1974	10.0
1975	15.0
1976	8.0
1977	12.0
1978	11.0
1979	10.0
1980	5.0
1981	10.0
1982	6.0
1983	13.0
1984	11.0
1985	17.0
1986	4.0
1987	9.0
1988	13.0
1989	10.0
1990	9.0
1991	8.0
1992	9.0
1993	7.0
1994	15.0
1995	11.0
1996	16.0
1997	6.0
1998	8.0
1999	10.0
2000	16.0
2001	13.0
2002	7.0
2003	10.0
2004	13.0
2005	4.0
2006	13.0
2007	11.0
2008	8.0
2009	6.0
2010	9.0
2011	8.0
2012	9.0
2013	4.0
2014	11.0
2015	6.0
2016	7.0
2017	9.0
2018	9.0
2019	5.0
2020	5.0
2021	7.0
2022	17.0
2023	2.0
2024	6.0
2025	10.0
2026	8.0
2027	11.0
2028	10.0
2029	9.0
2030	8.0
2031	8.0
2032	10.0
2033	1.0
2034	8.0
2035	6.0
2036	7.0
2037	14.0
2038	15.0
2039	7.0
2040	4.0
2041	5.0
2042	11.0
2043	4.0
2044	9.0
2045	8.0
2046	11.0
2047	8.0
2048	14.0
2049	9.0
2050	5.0
2051	7.0
2052	5.0
2053	9.0
2054	10.0
2055	12.0
2056	9.0
2057	6.0
2058	11.0
2059	5.0
2060	6.0
2061	7.0
2062	5.0
2063	10.0
2064	7.0
2065	9.0
2066	5.0
2067	12.0
2068	6.0
2069	8.0
2070	7.0
2071	9.0
2072	11.0
2073	7.0
2074	5.0
2075	7.0
2076	10.0
2077	6.0
2078	6.0
2079	7.0
2080	10.0
2081	7.0
2082	7.0
2083	6.0
2084	10.0
2085	7.0
2086	6.0
2087	6.0
2088	5.0
2089	10.0
2090	9.0
2091	9.0
2092	4.0
2093	7.0
2094	10.0
2095	9.0
2096	5.0
2097	7.0
2098	7.0
2099	7.0
2100	4.0
2101	9.0
2102	7.0
2103	9.0
2104	7.0
2105	9.0
2106	9.0
2107	15.0
2108	12.0
2109	7.0
2110	8.0
2111	9.0
2112	6.0
2113	5.0
2114	5.0
2115	7.0
2116	10.0
2117	4.0
2118	9.0
2119	10.0
2120	10.0
2121	6.0
2122	10.0
2123	8.0
2124	6.0
2125	15.0
2126	9.0
2127	3.0
2128	6.0
2129	10.0
2130	4.0
2131	13.0
2132	7.0
2133	4.0
2134	6.0
2135	7.0
2136	7.0
2137	7.0
2138	6.0
2139	10.0
2140	7.0
2141	9.0
2142	5.0
2143	6.0
2144	10.0
2145	3.0
2146	15.0
2147	8.0
2148	8.0
2149	5.0
2150	7.0
2151	7.0
2152	9.0
2153	13.0
2154	4.0
2155	8.0
2156	6.0
2157	7.0
2158	10.0
2159	5.0
2160	7.0
2161	7.0
2162	9.0
2163	3.0
2164	10.0
2165	8.0
2166	8.0
2167	10.0
2168	5.0
2169	8.0
2170	4.0
2171	8.0
2172	7.0
2173	9.0
2174	9.0
2175	3.0
2176	10.0
2177	10.0
2178	5.0
2179	7.0
2180	8.0
2181	12.0
2182	4.0
2183	8.0
2184	5.0
2185	5.0
2186	6.0
2187	5.0
2188	6.0
2189	9.0
2190	4.0
2191	6.0
2192	7.0
2193	3.0
2194	8.0
2195	5.0
2196	8.0
2197	5.0
2198	13.0
2199	2.0
2200	5.0
2201	7.0
2202	6.0
2203	6.0
2204	12.0
2205	3.0
2206	10.0
2207	5.0
2208	9.0
2209	3.0
2210	6.0
2211	5.0
2212	3.0
2213	7.0
2214	8.0
2215	5.0
2216	7.0
2217	13.0
2218	5.0
2219	6.0
2220	6.0
2221	9.0
2222	8.0
2223	8.0
2224	4.0
2225	2.0
2226	6.0
2227	5.0
2228	13.0
2229	9.0
2230	5.0
2231	2.0
2232	6.0
2233	9.0
2234	16.0
2235	11.0
2236	14.0
2237	8.0
2238	4.0
2239	8.0
2240	7.0
2241	8.0
2242	5.0
2243	6.0
2244	5.0
2245	9.0
2246	7.0
2247	6.0
2248	6.0
2249	8.0
2250	7.0
2251	11.0
2252	6.0
2253	10.0
2254	8.0
2255	8.0
2256	7.0
2257	7.0
2258	1.0
2259	12.0
2260	6.0
2261	10.0
2262	6.0
2263	7.0
2264	6.0
2265	4.0
2266	3.0
2267	6.0
2268	7.0
2269	5.0
2270	8.0
2271	8.0
2272	13.0
2273	4.0
2274	7.0
2275	1.0
2276	6.0
2277	9.0
2278	8.0
2279	2.0
2280	2.0
2281	7.0
2282	5.0
2283	2.0
2284	7.0
2285	7.0
2286	3.0
2287	5.0
2288	12.0
2289	6.0
2290	12.0
2291	13.0
2292	5.0
2293	7.0
2294	6.0
2295	4.0
2296	4.0
2297	7.0
2298	8.0
2299	4.0
2300	6.0
2301	4.0
2302	7.0
2303	6.0
2304	4.0
2305	4.0
2306	3.0
2307	8.0
2308	6.0
2309	5.0
2310	5.0
2311	6.0
2312	8.0
2313	8.0
2314	3.0
2315	14.0
2316	7.0
2317	9.0
2318	5.0
2319	10.0
2320	8.0
2321	9.0
2322	7.0
2323	2.0
2324	8.0
2325	7.0
2326	7.0
2327	2.0
2328	2.0
2329	6.0
2330	7.0
2331	5.0
2332	9.0
2333	5.0
2334	4.0
2335	6.0
2336	8.0
2337	8.0
2338	9.0
2339	8.0
2340	3.0
2341	3.0
2342	6.0
2343	4.0
2344	5.0
2345	6.0
2346	5.0
2347	6.0
2348	5.0
2349	7.0
2350	4.0
2351	10.0
2352	8.0
2353	11.0
2354	3.0
2355	4.0
2356	7.0
2357	8.0
2358	9.0
2359	4.0
2360	3.0
2361	6.0
2362	3.0
2363	7.0
2364	4.0
2365	6.0
2366	5.0
2367	4.0
2368	5.0
2369	6.0
2370	7.0
2371	8.0
2372	6.0
2373	12.0
2374	5.0
2375	1.0
2376	5.0
2377	5.0
2378	2.0
2379	1.0
2380	1.0
2381	3.0
2382	7.0
2383	2.0
2384	7.0
2385	8.0
2386	2.0
2387	1.0
2388	9.0
2389	6.0
2390	3.0
2391	5.0
2392	5.0
2393	3.0
2394	6.0
2395	8.0
2396	4.0
2397	11.0
2398	6.0
2399	4.0
2400	5.0
2401	1.0
2402	7.0
2403	5.0
2404	4.0
2405	3.0
2406	6.0
2407	9.0
2408	8.0
2409	5.0
2410	9.0
2411	10.0
2412	9.0
2413	7.0
2414	3.0
2415	6.0
2416	4.0
2417	7.0
2418	6.0
2419	5.0
2420	5.0
2421	6.0
2422	3.0
2423	6.0
2424	2.0
2425	1.0
2426	3.0
2427	6.0
2428	6.0
2429	5.0
2430	4.0
2431	6.0
2432	4.0
2433	2.0
2434	3.0
2435	7.0
2436	7.0
2437	9.0
2438	5.0
2439	2.0
2440	4.0
2441	1.0
2442	4.0
2443	5.0
2444	2.0
2445	2.0
2446	2.0
2447	3.0
2448	3.0
2449	6.0
2450	3.0
2451	5.0
2452	3.0
2453	6.0
2454	2.0
2455	8.0
2456	5.0
2457	4.0
2458	10.0
2459	3.0
2460	4.0
2461	3.0
2462	7.0
2463	2.0
2464	9.0
2465	6.0
2466	5.0
2467	3.0
2468	3.0
2469	4.0
2470	2.0
2471	4.0
2472	5.0
2473	2.0
2474	4.0
2475	5.0
2476	4.0
2477	2.0
2478	5.0
2479	6.0
2480	6.0
2481	5.0
2482	4.0
2483	5.0
2484	4.0
2485	3.0
2486	1.0
2487	3.0
2488	9.0
2489	3.0
2490	5.0
2491	2.0
2492	6.0
2493	3.0
2494	6.0
2495	2.0
2496	4.0
2497	6.0
2498	6.0
2499	3.0
2500	1.0
2501	4.0
2502	2.0
2503	2.0
2504	2.0
2505	3.0
2506	4.0
2507	8.0
2508	6.0
2509	5.0
84430	1.0
2511	2.0
2512	1.0
2513	7.0
2514	6.0
2515	5.0
2516	5.0
2517	7.0
2518	2.0
2519	8.0
2520	5.0
2521	6.0
2522	3.0
2523	5.0
2524	3.0
2525	4.0
2526	6.0
2527	5.0
2528	6.0
2529	1.0
2530	2.0
2531	6.0
2532	6.0
2533	5.0
2534	1.0
2535	3.0
2536	5.0
2537	3.0
2538	6.0
2539	3.0
2540	3.0
2541	3.0
2542	6.0
2543	5.0
2544	4.0
2545	2.0
2546	5.0
2547	3.0
2548	2.0
2549	4.0
2550	5.0
2552	7.0
2553	5.0
2554	4.0
2555	1.0
2556	2.0
2557	7.0
2558	4.0
2559	2.0
2560	4.0
2561	5.0
2562	2.0
2563	2.0
2564	5.0
2565	2.0
2566	3.0
2567	4.0
2568	5.0
2569	2.0
2570	3.0
2571	4.0
2572	1.0
2573	8.0
2574	8.0
2575	5.0
2577	6.0
2578	4.0
2579	9.0
2580	6.0
2581	7.0
2582	4.0
2583	2.0
2584	5.0
2585	2.0
2586	1.0
2587	4.0
2588	5.0
2589	3.0
2590	3.0
2591	3.0
2592	4.0
2593	2.0
2594	3.0
2595	1.0
2596	5.0
2597	6.0
2598	3.0
2599	4.0
2600	5.0
2601	3.0
2602	5.0
2603	4.0
16435	1.0
2605	5.0
2606	2.0
2607	3.0
2608	3.0
2609	2.0
2610	9.0
2611	2.0
2612	3.0
2613	5.0
2614	1.0
2616	3.0
2617	5.0
2618	5.0
2619	1.0
2620	5.0
2621	4.0
2622	5.0
2623	4.0
2624	3.0
2625	2.0
2626	7.0
2627	3.0
2628	3.0
2629	2.0
2630	2.0
2631	1.0
2632	3.0
2633	6.0
2634	4.0
2635	2.0
2636	1.0
2637	3.0
2638	3.0
2639	2.0
2640	3.0
2641	1.0
2642	1.0
2643	1.0
2644	3.0
2645	4.0
2646	2.0
2647	4.0
2648	4.0
2649	2.0
2650	4.0
2651	1.0
2652	5.0
2653	4.0
2654	2.0
2655	2.0
2656	6.0
2657	6.0
2658	2.0
2659	5.0
2660	4.0
2661	1.0
2662	3.0
2663	4.0
2664	2.0
2665	6.0
2666	4.0
2667	2.0
2668	6.0
2669	2.0
2670	3.0
2671	5.0
2672	3.0
2673	3.0
2674	2.0
2675	5.0
2676	1.0
2677	3.0
2678	1.0
2679	3.0
2680	3.0
2681	1.0
2682	4.0
2683	5.0
2684	4.0
2686	3.0
2687	2.0
2688	4.0
2689	3.0
2690	3.0
2691	4.0
2693	4.0
2694	1.0
2696	4.0
2697	1.0
2698	3.0
2699	7.0
2700	4.0
2701	3.0
2702	2.0
2703	2.0
2704	2.0
2705	3.0
2706	2.0
2707	1.0
2708	3.0
2709	2.0
2710	5.0
2711	3.0
2712	5.0
2713	1.0
2714	6.0
2715	2.0
2716	4.0
2717	4.0
2718	4.0
2719	8.0
2720	3.0
11376	1.0
2722	2.0
2723	2.0
101028	1.0
2725	3.0
2726	5.0
2727	4.0
2728	3.0
2729	3.0
2730	2.0
2731	3.0
2732	3.0
2733	3.0
2734	1.0
2735	4.0
2736	5.0
2737	1.0
2738	1.0
2739	2.0
2740	5.0
2741	2.0
2742	4.0
2743	3.0
2744	2.0
2745	3.0
2746	5.0
2747	3.0
2748	6.0
2749	6.0
2750	2.0
2751	2.0
2752	1.0
2753	2.0
2754	2.0
2755	5.0
2756	6.0
2757	2.0
2758	1.0
2759	2.0
2760	4.0
2761	3.0
2762	1.0
2763	4.0
2764	1.0
2765	2.0
2766	3.0
2767	1.0
2768	4.0
2769	5.0
2770	5.0
2771	4.0
15190821585	1.0
2773	2.0
2774	2.0
2775	4.0
2776	3.0
2777	4.0
2778	5.0
2779	4.0
2780	5.0
2781	4.0
2782	3.0
2783	1.0
2784	3.0
2785	2.0
2786	2.0
2787	3.0
2788	2.0
2789	1.0
2790	5.0
2791	6.0
2792	3.0
2793	2.0
2794	3.0
2795	1.0
2796	6.0
2797	4.0
2798	3.0
2799	1.0
2800	5.0
2801	2.0
2802	3.0
2803	2.0
2804	2.0
2805	1.0
2807	3.0
2808	3.0
2809	8.0
2810	5.0
2811	5.0
2812	2.0
2814	4.0
2815	2.0
2816	1.0
2817	3.0
2818	2.0
8202	1.0
2820	5.0
2821	2.0
2822	3.0
2823	2.0
2824	2.0
2825	1.0
2826	2.0
2827	1.0
2828	5.0
2829	2.0
2830	4.0
2832	1.0
2833	5.0
2834	4.0
2835	5.0
2836	5.0
2837	2.0
2838	1.0
2839	3.0
2840	7.0
2841	2.0
2842	2.0
2843	6.0
2844	3.0
2845	3.0
2846	4.0
2847	7.0
2848	4.0
2849	2.0
2850	2.0
2851	3.0
2853	4.0
2854	2.0
2855	3.0
2856	1.0
2857	2.0
2858	2.0
2859	4.0
2860	3.0
2861	2.0
2862	2.0
2863	4.0
2864	3.0
2865	3.0
2866	6.0
2867	3.0
2868	4.0
2869	1.0
2870	3.0
2871	4.0
2872	1.0
2873	2.0
2874	4.0
2875	2.0
2876	3.0
2877	3.0
2878	3.0
2879	3.0
2880	3.0
2881	3.0
2882	5.0
2883	3.0
2884	4.0
2885	1.0
2886	3.0
2887	2.0
2888	1.0
2889	2.0
2890	1.0
2891	1.0
2893	2.0
2894	3.0
2895	3.0
2896	2.0
2897	3.0
2898	1.0
2899	3.0
2900	1.0
2901	1.0
2902	3.0
2903	4.0
2904	2.0
2905	5.0
2906	1.0
2907	1.0
2908	3.0
2909	4.0
2910	1.0
2911	3.0
2912	5.0
2913	3.0
2914	3.0
2915	1.0
2916	4.0
2917	1.0
2918	3.0
2919	4.0
2920	1.0
2921	3.0
2922	2.0
2923	1.0
2924	2.0
2925	4.0
2927	1.0
2928	4.0
2930	3.0
2931	2.0
2932	5.0
2934	1.0
2935	2.0
2936	2.0
2937	3.0
2938	2.0
2939	4.0
2940	1.0
2941	3.0
2942	3.0
2943	3.0
2944	1.0
2945	5.0
2946	2.0
2947	2.0
2948	1.0
2950	2.0
2951	3.0
2952	2.0
2953	3.0
2955	2.0
2956	1.0
2957	2.0
2958	1.0
2959	3.0
2961	2.0
2962	4.0
2963	4.0
2964	1.0
2965	1.0
2966	3.0
2967	1.0
2968	1.0
2969	2.0
2970	4.0
2971	1.0
2972	3.0
2974	1.0
2975	2.0
2976	4.0
2978	1.0
2979	1.0
2980	2.0
2981	2.0
2982	3.0
2983	2.0
2984	1.0
2985	2.0
2986	5.0
2987	2.0
2989	3.0
2990	1.0
2992	2.0
2993	2.0
2994	1.0
2995	1.0
2996	1.0
2997	4.0
2998	3.0
2999	2.0
3000	4.0
3001	3.0
3002	1.0
3003	3.0
3005	3.0
3006	2.0
3007	5.0
3008	1.0
3009	6.0
3010	2.0
3011	3.0
3012	2.0
3013	2.0
3014	2.0
3015	5.0
3016	3.0
3017	2.0
3018	4.0
3019	1.0
3020	5.0
3022	1.0
3023	2.0
3024	2.0
3025	2.0
3026	3.0
3027	5.0
3029	5.0
3030	4.0
3031	4.0
3032	1.0
3033	1.0
3034	2.0
3036	1.0
16890	1.0
3038	1.0
3039	2.0
3040	1.0
3041	4.0
3042	1.0
3043	3.0
3044	1.0
3045	1.0
3047	1.0
3048	4.0
3050	3.0
3051	2.0
3052	4.0
3053	1.0
3054	1.0
3055	1.0
3056	6.0
3057	1.0
3058	1.0
3059	1.0
3060	2.0
3061	1.0
3062	2.0
3063	3.0
3064	4.0
3065	2.0
3066	1.0
3067	3.0
3068	1.0
3069	2.0
3070	4.0
3071	4.0
3073	1.0
3074	5.0
3075	1.0
3076	3.0
3077	3.0
3078	2.0
3079	2.0
3080	1.0
3081	6.0
3082	4.0
3084	3.0
3085	2.0
3086	2.0
3087	1.0
3088	3.0
3090	2.0
3091	1.0
3092	1.0
3093	2.0
3094	3.0
3095	1.0
3096	2.0
3097	4.0
3098	4.0
3099	2.0
3100	1.0
10074	1.0
3102	4.0
30382	1.0
3104	2.0
3107	3.0
3108	1.0
3109	3.0
3110	2.0
3111	4.0
3112	4.0
3113	3.0
3114	2.0
3115	2.0
27692	1.0
3117	1.0
3119	4.0
3120	2.0
3122	3.0
3123	1.0
3124	5.0
3125	3.0
11288	1.0
3127	3.0
3129	1.0
3130	2.0
3131	4.0
3132	1.0
3133	2.0
3134	2.0
3135	1.0
3136	4.0
3137	2.0
3138	1.0
15191040520	1.0
3140	3.0
3141	1.0
3142	4.0
3143	5.0
3144	1.0
3145	3.0
3146	2.0
3147	1.0
3148	1.0
18274	1.0
3150	2.0
3151	2.0
3152	2.0
3153	2.0
3154	3.0
3155	1.0
3156	3.0
3157	1.0
3158	4.0
3159	2.0
3160	2.0
3161	1.0
3162	2.0
3163	3.0
3164	1.0
3165	1.0
3166	4.0
3167	4.0
15190912093	1.0
3169	2.0
3170	2.0
3171	1.0
3172	3.0
3173	3.0
3174	2.0
3176	3.0
3178	2.0
3179	2.0
3180	1.0
3181	2.0
3182	2.0
3183	2.0
3184	1.0
3185	1.0
3186	1.0
3187	2.0
3188	2.0
3189	4.0
11382	1.0
10089	1.0
3192	4.0
3193	3.0
3194	3.0
3195	4.0
3196	2.0
3197	4.0
3198	3.0
3199	2.0
3200	1.0
3202	2.0
3203	1.0
3204	2.0
3205	2.0
3206	3.0
3207	1.0
3208	2.0
3209	2.0
3210	4.0
3211	3.0
3212	1.0
3213	1.0
3214	1.0
3215	2.0
3216	1.0
3217	3.0
8836	1.0
3219	3.0
3220	1.0
3221	2.0
3222	4.0
3223	1.0
3224	3.0
3225	6.0
3226	3.0
3227	2.0
3228	6.0
3229	1.0
3230	1.0
3231	3.0
3232	3.0
3234	3.0
3235	1.0
3236	2.0
3237	1.0
3238	2.0
3239	1.0
3240	1.0
3241	1.0
3242	4.0
3243	1.0
3244	1.0
3245	5.0
53541	1.0
3247	1.0
3248	1.0
3249	1.0
3250	2.0
3251	3.0
3253	2.0
3254	3.0
3255	1.0
10100	1.0
3258	2.0
3259	1.0
3262	2.0
3263	2.0
3264	1.0
8736	1.0
3267	3.0
3268	2.0
3269	1.0
3270	3.0
3272	4.0
3273	4.0
3274	1.0
3275	1.0
3276	2.0
3277	3.0
8838	1.0
3279	1.0
3280	2.0
3281	3.0
15190641871	1.0
3283	1.0
3284	4.0
3286	3.0
3287	2.0
3288	2.0
3290	2.0
36059	1.0
3292	2.0
3293	2.0
3294	2.0
3295	1.0
36064	1.0
3298	2.0
3299	1.0
158949	1.0
3302	2.0
3303	1.0
3304	2.0
3305	1.0
3306	2.0
3307	1.0
3308	3.0
3309	3.0
3311	1.0
3312	1.0
3313	2.0
3314	2.0
3315	2.0
3317	2.0
3318	2.0
15191231732	1.0
3320	3.0
15190974931	1.0
3322	1.0
3323	1.0
3324	1.0
3325	3.0
3326	1.0
3327	1.0
3328	1.0
3329	2.0
46988	1.0
3333	3.0
3334	1.0
19719	1.0
3336	1.0
3339	2.0
3340	3.0
3341	1.0
3343	2.0
3344	1.0
3345	2.0
3346	1.0
3347	2.0
3349	3.0
3350	3.0
245997	1.0
3352	1.0
3355	2.0
19740	1.0
3357	1.0
3358	3.0
3360	1.0
3362	2.0
3363	1.0
3364	3.0
3365	2.0
3366	1.0
3367	1.0
3368	1.0
3369	2.0
3370	3.0
3371	2.0
3372	2.0
3373	4.0
3374	1.0
3375	1.0
3376	3.0
15190894469	1.0
3378	1.0
3379	3.0
3380	3.0
77022	1.0
3382	1.0
3383	2.0
3384	1.0
3385	1.0
3387	1.0
3388	2.0
26027	1.0
3390	1.0
3393	3.0
3394	4.0
3395	2.0
3396	2.0
3397	2.0
3398	3.0
3399	2.0
3401	1.0
3405	3.0
3406	2.0
3407	1.0
3408	1.0
3409	2.0
3410	5.0
3411	2.0
3412	2.0
15190943452	1.0
3416	5.0
3417	2.0
3419	2.0
3420	1.0
3421	2.0
3422	1.0
27999	1.0
3424	1.0
3425	3.0
3426	2.0
3427	2.0
3429	1.0
3431	1.0
3433	1.0
3435	1.0
3436	2.0
3437	2.0
3438	1.0
3439	3.0
3440	2.0
3441	2.0
3442	2.0
3443	2.0
3446	2.0
3447	1.0
3448	2.0
3449	1.0
3450	1.0
3451	2.0
3453	1.0
3455	2.0
3456	3.0
3457	1.0
11650	1.0
3459	1.0
3460	1.0
3461	1.0
3462	1.0
11316	1.0
3464	3.0
3465	2.0
3466	2.0
10135	1.0
3468	3.0
3469	2.0
3470	3.0
3471	2.0
3474	1.0
3475	1.0
3477	1.0
15191304077	1.0
3479	2.0
3480	3.0
3481	3.0
3483	2.0
9936	1.0
3485	2.0
3489	1.0
3492	2.0
3493	2.0
3494	2.0
3495	3.0
3498	2.0
3499	2.0
3500	1.0
3501	1.0
3502	3.0
3503	1.0
3504	2.0
3506	1.0
3507	1.0
3508	3.0
3509	1.0
3511	1.0
3513	4.0
3515	1.0
3516	3.0
3517	2.0
11710	1.0
3519	2.0
3520	2.0
3523	1.0
3525	2.0
3528	2.0
3529	1.0
12876	1.0
3532	1.0
3535	1.0
3536	4.0
3537	2.0
3538	1.0
3539	1.0
3541	1.0
3543	1.0
3545	1.0
3546	4.0
3547	1.0
3548	2.0
29211	1.0
3550	1.0
3552	1.0
3553	2.0
3555	2.0
15191276558	1.0
3557	1.0
3559	3.0
3560	2.0
3561	2.0
3562	1.0
3563	2.0
3564	2.0
3565	2.0
3566	1.0
3568	1.0
3569	3.0
3571	2.0
3572	2.0
3573	2.0
3574	2.0
3576	3.0
3578	3.0
3581	1.0
3584	2.0
3585	1.0
3587	2.0
3588	2.0
3590	2.0
3591	3.0
3593	1.0
27125	1.0
3596	2.0
3597	1.0
10157	1.0
3600	2.0
3602	1.0
3603	1.0
3604	1.0
3605	1.0
3606	2.0
3607	2.0
3608	1.0
3609	1.0
3610	3.0
3611	3.0
3613	2.0
60958	1.0
3615	1.0
3616	1.0
15191191070	1.0
3620	1.0
3621	1.0
3622	2.0
3623	1.0
3624	2.0
3625	1.0
3627	2.0
3628	2.0
3631	1.0
3632	1.0
3633	1.0
3634	1.0
15191082928	1.0
3636	1.0
3637	2.0
3638	1.0
3639	2.0
3640	2.0
3641	1.0
3643	2.0
52796	1.0
3646	1.0
20032	1.0
3649	2.0
18125	1.0
3651	3.0
3652	2.0
3653	3.0
82529	1.0
3657	2.0
44618	1.0
3662	1.0
3663	1.0
3667	1.0
3668	1.0
3670	1.0
3671	1.0
3672	2.0
3673	2.0
15190994519	1.0
10488	1.0
3678	3.0
3679	1.0
3680	2.0
11536	1.0
3682	1.0
3683	2.0
3684	2.0
3685	1.0
3687	1.0
3688	1.0
3690	2.0
3691	1.0
3692	1.0
3694	5.0
3695	2.0
3696	2.0
17581	1.0
3698	2.0
3699	1.0
3700	2.0
3701	2.0
3702	3.0
3703	1.0
3704	1.0
216697	1.0
3706	1.0
3707	3.0
3709	2.0
3710	3.0
3711	2.0
3712	1.0
3713	2.0
3714	5.0
3716	1.0
3717	1.0
3718	1.0
3720	1.0
3722	1.0
3723	2.0
3724	1.0
10178	1.0
3726	1.0
11919	1.0
69264	1.0
3729	1.0
3730	2.0
8487	1.0
364180	1.0
36501	1.0
3734	4.0
3736	3.0
3737	2.0
3738	2.0
3740	1.0
3742	2.0
3743	1.0
3745	2.0
3747	2.0
3749	1.0
3751	1.0
3755	1.0
3756	3.0
3757	1.0
3758	1.0
3760	1.0
3761	3.0
3762	1.0
3763	1.0
3764	2.0
3765	1.0
15191311757	1.0
3771	1.0
3772	1.0
3773	1.0
3775	2.0
3776	1.0
3777	2.0
3778	1.0
67729	1.0
3780	4.0
3781	1.0
19285	1.0
3784	1.0
3785	5.0
3786	1.0
3787	1.0
3788	1.0
3789	2.0
3790	2.0
3791	2.0
3792	3.0
3793	1.0
3796	3.0
3797	1.0
3798	1.0
3800	2.0
3801	1.0
3802	1.0
140780	1.0
3805	1.0
3806	2.0
3808	2.0
10192	1.0
20197	1.0
3814	1.0
3815	1.0
3816	1.0
33404	1.0
3818	1.0
15191183450	1.0
3823	1.0
3824	1.0
3825	2.0
3826	1.0
3827	2.0
3828	1.0
41598	1.0
3831	2.0
3832	1.0
9900	1.0
12026	1.0
3835	1.0
3837	1.0
8832	1.0
3843	1.0
3844	2.0
13885949907	1.0
15191180771	1.0
3847	2.0
3848	1.0
3849	2.0
3851	1.0
3852	1.0
3853	1.0
3856	1.0
3857	3.0
3858	2.0
3861	1.0
3862	1.0
3863	1.0
20248	1.0
3865	1.0
8209	1.0
3870	2.0
3873	1.0
30382280475	1.0
3875	1.0
3876	1.0
3877	1.0
12070	1.0
3879	1.0
3880	2.0
3881	1.0
3882	1.0
3885	1.0
15191277609	1.0
3887	2.0
3888	1.0
3889	1.0
3891	1.0
15190880489	1.0
3894	1.0
3896	2.0
3897	1.0
3898	1.0
12092	1.0
3901	1.0
3902	1.0
3905	2.0
3906	2.0
3907	1.0
3909	1.0
3910	3.0
3911	2.0
3912	1.0
3913	2.0
12107	1.0
3916	2.0
3917	1.0
182349	1.0
3920	1.0
15191410166	1.0
3924	1.0
3925	1.0
3927	1.0
3928	2.0
222994	1.0
46231	1.0
3934	1.0
3935	2.0
3937	1.0
3938	1.0
15191404954	1.0
3940	1.0
3941	1.0
3945	1.0
10923	1.0
3948	1.0
3951	2.0
3952	1.0
3953	1.0
3954	1.0
29331	1.0
3957	1.0
3958	1.0
18409	1.0
3960	1.0
15191117686	1.0
3962	1.0
3963	1.0
3965	1.0
3966	1.0
3967	1.0
12161	1.0
3972	1.0
3973	1.0
3975	1.0
3977	1.0
3978	1.0
3979	2.0
3980	1.0
11586	1.0
3983	1.0
40998	1.0
8316	1.0
3986	1.0
3987	1.0
10222	1.0
3990	3.0
3991	1.0
3992	2.0
3993	1.0
3997	1.0
3998	2.0
4000	2.0
4001	1.0
8810	1.0
4003	2.0
4004	1.0
4005	1.0
4010	1.0
15191117736	1.0
4015	1.0
4018	1.0
9845	1.0
4021	1.0
8348	1.0
18420	1.0
12221	1.0
4031	1.0
4032	1.0
4033	2.0
4034	4.0
4036	2.0
4037	1.0
4038	2.0
4041	1.0
4042	2.0
4045	1.0
4046	2.0
4047	3.0
4048	2.0
4049	1.0
4052	1.0
4053	1.0
4054	2.0
9955	1.0
4057	1.0
4065	2.0
4068	1.0
4070	2.0
15191190003	1.0
4072	1.0
4075	1.0
4076	2.0
4077	2.0
4078	1.0
4081	1.0
4082	3.0
4083	1.0
4084	1.0
4085	1.0
4088	1.0
4089	1.0
4091	2.0
4092	1.0
4093	1.0
4094	1.0
4096	1.0
4098	1.0
4099	1.0
34393	1.0
4102	1.0
4104	1.0
4105	1.0
4106	2.0
4108	1.0
4109	1.0
4110	1.0
4111	4.0
4112	1.0
4113	1.0
4114	2.0
94228	1.0
8538	1.0
4118	1.0
4119	1.0
4121	2.0
4122	1.0
41647	1.0
4127	2.0
4129	1.0
4131	1.0
4132	1.0
4133	3.0
4135	1.0
4136	2.0
4137	1.0
4138	1.0
4139	1.0
4143	1.0
4145	1.0
86066	1.0
4150	3.0
4151	1.0
21172	1.0
4154	1.0
8320	1.0
4156	1.0
4158	2.0
25269	1.0
4161	2.0
4162	1.0
4165	1.0
32097	1.0
4168	1.0
10252	1.0
4170	1.0
4171	1.0
4173	1.0
4175	1.0
4176	1.0
4177	2.0
4179	1.0
4181	1.0
4183	1.0
4184	2.0
4186	1.0
44330	1.0
4188	1.0
20598	1.0
4190	1.0
4191	1.0
4193	1.0
4195	1.0
4198	1.0
4200	1.0
4202	1.0
4203	1.0
4204	3.0
15191286127	1.0
4206	1.0
12399	1.0
15190944749	1.0
4209	1.0
4211	1.0
9029	1.0
4213	1.0
4214	1.0
4217	1.0
4218	1.0
4219	1.0
4220	1.0
16500	1.0
10261	1.0
15190968336	1.0
4225	3.0
4226	1.0
37110	1.0
4230	2.0
4231	1.0
4233	1.0
4236	1.0
15191041715	1.0
4241	2.0
4243	1.0
94358	1.0
4247	2.0
4248	1.0
4250	1.0
19823	1.0
34512	1.0
37022	1.0
4257	2.0
4258	2.0
12451	1.0
26056	1.0
37030	1.0
510811	1.0
4265	1.0
4269	3.0
4270	1.0
4271	1.0
15191404717	1.0
4274	1.0
4278	1.0
4283	1.0
4285	2.0
4289	1.0
4290	1.0
370016	1.0
4293	1.0
4294	2.0
4295	1.0
4297	1.0
4298	2.0
4299	1.0
4302	1.0
4303	1.0
42970	1.0
4305	1.0
4306	1.0
4309	1.0
4310	1.0
4311	1.0
4312	1.0
4314	2.0
4317	1.0
4318	1.0
4320	2.0
4324	2.0
4331	2.0
4332	1.0
4335	1.0
4338	1.0
4339	1.0
4340	2.0
4342	1.0
4344	1.0
4345	1.0
4346	1.0
11647	1.0
165443	1.0
4350	2.0
4352	1.0
4353	1.0
4356	1.0
4357	1.0
4358	1.0
4359	1.0
4361	1.0
45322	1.0
4367	1.0
4371	1.0
8921	1.0
4377	1.0
4379	1.0
26060	1.0
4381	1.0
4382	1.0
4383	1.0
4385	1.0
4386	1.0
4387	2.0
4389	1.0
4390	1.0
10239	1.0
4392	1.0
4393	1.0
4394	2.0
4397	1.0
4398	1.0
4399	1.0
4401	1.0
18402	1.0
4405	3.0
4406	1.0
4408	1.0
4409	1.0
4410	1.0
4411	1.0
4412	1.0
12422	1.0
4418	2.0
4419	1.0
4420	1.0
4422	2.0
4424	1.0
4425	1.0
4427	1.0
37196	1.0
4431	1.0
4433	1.0
4435	1.0
8331	1.0
4441	2.0
4442	1.0
4443	1.0
18070	1.0
4447	1.0
42702	1.0
4449	1.0
4450	1.0
4451	1.0
4453	3.0
18890	1.0
4455	1.0
45416	1.0
4457	1.0
4458	2.0
4459	1.0
4461	1.0
4464	1.0
8332	1.0
11667	1.0
184004	1.0
4472	2.0
33701	1.0
4475	1.0
12668	1.0
8938	1.0
12670	1.0
10242	1.0
4483	1.0
4484	1.0
4487	1.0
4489	1.0
4492	1.0
4493	1.0
4495	2.0
4497	2.0
4498	2.0
15191403578	1.0
4501	1.0
4502	2.0
4506	1.0
4507	1.0
15191140137	1.0
4511	1.0
15191113745	1.0
4513	1.0
4517	1.0
4519	1.0
4520	1.0
4521	1.0
4524	1.0
4526	1.0
4532	2.0
4535	1.0
4536	3.0
4537	1.0
12730	1.0
4539	1.0
4540	1.0
4541	1.0
4544	1.0
4546	1.0
4547	1.0
4552	1.0
4553	1.0
4555	3.0
12748	1.0
10317	1.0
4563	2.0
4566	1.0
4567	1.0
4568	1.0
4569	1.0
99309	1.0
4573	1.0
4575	1.0
4576	1.0
15191212097	1.0
4578	2.0
11686	1.0
20967	1.0
4584	1.0
324124	1.0
4588	1.0
18514	1.0
29167	1.0
4593	1.0
356853	1.0
4601	1.0
4602	1.0
160252	1.0
4605	1.0
4606	1.0
4608	2.0
4610	2.0
93445	1.0
29189	1.0
4615	2.0
4617	2.0
4618	1.0
4620	1.0
4622	1.0
4623	1.0
4624	1.0
4626	1.0
15191302508	1.0
17824	1.0
4633	1.0
4634	1.0
4635	1.0
4636	1.0
4638	2.0
4639	1.0
4642	1.0
4645	1.0
4646	1.0
4654	3.0
15190866010	1.0
4659	1.0
8244	1.0
8969	1.0
4664	1.0
4667	2.0
4669	1.0
4670	1.0
15191247953	1.0
4676	1.0
4681	2.0
4684	1.0
4686	1.0
4687	1.0
4688	2.0
4690	1.0
4691	1.0
4692	2.0
4693	1.0
4694	1.0
12887	1.0
4698	1.0
8975	1.0
4702	1.0
185104	1.0
4706	3.0
269755	1.0
4708	1.0
4711	1.0
15190900153	1.0
32874	1.0
4715	1.0
4716	2.0
53870	1.0
4719	1.0
4720	1.0
4723	1.0
4725	1.0
4730	1.0
15191396987	1.0
11712	1.0
8514	1.0
4742	1.0
4745	1.0
4746	1.0
15190999828	1.0
4754	1.0
4755	2.0
4757	1.0
8985	1.0
4760	1.0
15191199598	1.0
4765	1.0
15191372444	1.0
4768	1.0
4769	1.0
10705	1.0
168615	1.0
4776	1.0
12970	1.0
34402	1.0
4782	1.0
8989	1.0
11616	1.0
43123	1.0
4788	1.0
21177	1.0
4795	1.0
221646	1.0
4797	1.0
4798	1.0
21185	1.0
4803	1.0
9980	1.0
53958	1.0
4808	2.0
4809	2.0
13005	1.0
21198	1.0
4815	1.0
4820	2.0
4821	1.0
4823	1.0
18017	1.0
4830	1.0
4831	1.0
4833	1.0
4835	1.0
8998	1.0
4839	1.0
4844	2.0
53999	1.0
4850	1.0
15191231725	1.0
4854	1.0
4855	1.0
4856	1.0
4858	1.0
9709	1.0
4862	1.0
11733	1.0
13056	1.0
19461	1.0
11346	1.0
4871	1.0
4873	1.0
4874	1.0
4877	1.0
70813	1.0
12362	1.0
13074	1.0
10371	1.0
8346	1.0
13081	1.0
4890	1.0
13085	1.0
4895	1.0
4896	1.0
29488	1.0
4899	1.0
4902	1.0
4903	1.0
4904	1.0
29481	1.0
4911	2.0
4912	1.0
4914	1.0
4916	1.0
4919	1.0
4920	2.0
4922	2.0
22532	1.0
49216	1.0
4928	1.0
4929	1.0
4931	1.0
4936	1.0
4938	1.0
4940	1.0
9016	1.0
4946	1.0
18574	1.0
15191272342	1.0
4957	1.0
11349	1.0
4960	1.0
4962	1.0
15191159649	1.0
10385	1.0
107324	1.0
4971	2.0
21357	1.0
4975	1.0
4986	1.0
21371	1.0
21372	1.0
5002	1.0
5004	1.0
5006	2.0
15190832020	1.0
5019	1.0
5020	1.0
5021	1.0
5023	1.0
5024	1.0
5028	1.0
10533	1.0
5032	1.0
5033	2.0
19128	1.0
15190609654	1.0
132698	1.0
5044	1.0
15190854484	1.0
5049	1.0
5050	2.0
5052	1.0
5054	1.0
5055	1.0
50511	1.0
18497	1.0
5066	1.0
27361	1.0
10402	1.0
5071	2.0
5072	1.0
11768	1.0
5078	1.0
5079	1.0
5081	1.0
5088	1.0
5089	1.0
5091	1.0
5096	1.0
15191331814	1.0
5100	1.0
19656	1.0
5104	1.0
5105	1.0
21493	1.0
13302	1.0
5112	1.0
5117	1.0
5119	1.0
5122	1.0
5124	1.0
5126	1.0
8354	1.0
5128	1.0
5130	1.0
5132	1.0
5133	1.0
18720	1.0
5137	2.0
5139	1.0
48098	1.0
13333	1.0
5144	1.0
5145	2.0
37112	1.0
15190982965	1.0
5149	1.0
10127	1.0
5152	1.0
5154	1.0
21539	1.0
5157	1.0
5160	1.0
5162	1.0
103468	1.0
5168	1.0
5169	1.0
5170	1.0
5171	1.0
5173	1.0
5175	1.0
5176	1.0
5178	1.0
5182	1.0
5185	1.0
5186	1.0
5189	1.0
5190	1.0
15190930504	1.0
5200	1.0
5208	2.0
5215	1.0
5216	2.0
5219	1.0
8630	2.0
24997	1.0
5227	1.0
271208	1.0
5240	2.0
5242	1.0
61982	1.0
5247	2.0
103554	1.0
82795	1.0
15191315585	1.0
5253	1.0
15191315587	1.0
5256	1.0
13453	1.0
16542	1.0
5263	2.0
5265	2.0
5269	1.0
5271	2.0
5276	1.0
8359	1.0
5283	1.0
17842	1.0
15038	1.0
5291	1.0
213874	1.0
5294	1.0
5297	1.0
5298	1.0
5305	1.0
5310	1.0
5311	1.0
5312	1.0
11808	1.0
15191028932	1.0
5321	1.0
5322	1.0
5323	1.0
5325	1.0
5326	2.0
9080	2.0
5331	2.0
5336	1.0
15191223841	1.0
5339	1.0
354077	1.0
5349	1.0
5352	2.0
34384	1.0
5355	1.0
5357	1.0
5363	2.0
111861	1.0
213136	1.0
611581	1.0
5375	2.0
13569	1.0
132921	1.0
5381	1.0
5383	1.0
5388	1.0
15190824202	1.0
13592	2.0
13595	1.0
5409	1.0
5411	1.0
36401	1.0
5423	1.0
5429	1.0
15191023884	1.0
5434	2.0
5436	1.0
13630	1.0
13632	1.0
5444	1.0
5448	1.0
5452	1.0
5456	1.0
5460	1.0
15190996306	1.0
275801	1.0
5474	1.0
5477	1.0
5478	1.0
5483	1.0
5484	1.0
5486	1.0
9730	1.0
15191326180	1.0
5492	1.0
5495	1.0
17847	1.0
5501	1.0
5502	1.0
5505	2.0
15191402149	1.0
5510	1.0
52012	1.0
41772	1.0
5517	1.0
5522	1.0
5525	1.0
35056	1.0
5538	1.0
15191214157	1.0
15191200518	1.0
15190963098	1.0
5555	1.0
5556	1.0
9118	1.0
5560	1.0
5561	1.0
15190843831	1.0
9857	1.0
5575	1.0
87503	1.0
5585	1.0
5587	1.0
5596	1.0
5597	1.0
12585	1.0
5599	1.0
5600	1.0
27827	1.0
10491	1.0
5606	1.0
5612	1.0
15191127530	1.0
15191217644	1.0
15191012846	1.0
15190881777	1.0
5621	1.0
50804	1.0
34214	1.0
9130	1.0
5632	1.0
18688	1.0
5638	1.0
5645	1.0
5647	1.0
5650	1.0
10499	1.0
10367	1.0
5659	1.0
5660	1.0
5662	1.0
5663	1.0
5665	1.0
5666	1.0
52290	1.0
5669	1.0
5670	1.0
71208	1.0
5673	2.0
100227	1.0
15190849064	1.0
30255	1.0
8918	2.0
8603	1.0
189648	1.0
10555	1.0
28255	1.0
22079	1.0
5700	1.0
11034	1.0
5705	1.0
15191116391	1.0
5712	1.0
5718	1.0
5720	1.0
20649	1.0
18703	1.0
5725	1.0
38495	1.0
10271	1.0
5730	1.0
26897	1.0
9148	2.0
5743	1.0
15190868821	1.0
5746	1.0
5756	1.0
5765	1.0
5767	1.0
13970	1.0
11744	1.0
5780	1.0
5786	1.0
77423	1.0
9740	1.0
41585	1.0
5797	1.0
18042	1.0
5805	1.0
12610	1.0
5807	1.0
17352	1.0
13935	1.0
9162	1.0
5825	1.0
5829	1.0
5832	1.0
9164	1.0
15191340744	1.0
5836	1.0
9196	1.0
9837	1.0
5842	1.0
19135	1.0
5849	1.0
42395	1.0
5855	1.0
10015	1.0
5859	1.0
5861	1.0
15190862116	1.0
5868	1.0
15191339271	1.0
84406	1.0
5875	1.0
5877	2.0
370748	1.0
14080	1.0
5890	2.0
5891	1.0
15190861188	1.0
14085	1.0
5894	1.0
5896	1.0
44387	1.0
5903	1.0
9176	1.0
18370	1.0
5911	1.0
5916	1.0
5921	1.0
15191267103	1.0
9179	1.0
14119	1.0
18018	2.0
22318	1.0
8381	1.0
5942	1.0
18742	1.0
15191289483	1.0
5976	1.0
14170	1.0
5987	1.0
15191037793	1.0
5999	1.0
6001	1.0
22393	1.0
10559	1.0
276349	1.0
6015	1.0
239936	1.0
6025	1.0
8384	1.0
9602	1.0
21095	1.0
6035	1.0
14228	1.0
6037	1.0
6039	1.0
6041	1.0
6044	1.0
35141	1.0
6049	1.0
19659	1.0
6060	1.0
15191131119	1.0
17395	1.0
15191332786	1.0
22456	1.0
15191335921	1.0
22459	1.0
6084	1.0
15190972356	1.0
15191238537	1.0
6092	1.0
6094	1.0
6095	1.0
6097	2.0
50614	1.0
6102	1.0
6103	1.0
9210	1.0
6113	1.0
14308	1.0
6118	1.0
11943	1.0
6127	1.0
6128	1.0
9839	1.0
6137	1.0
6139	1.0
6145	1.0
6146	1.0
6147	1.0
8388	1.0
6149	1.0
6159	1.0
6168	2.0
63514	1.0
15191138890	1.0
6176	1.0
6179	1.0
6180	1.0
6188	1.0
29704	1.0
288071	1.0
20147	1.0
6197	1.0
6201	1.0
6207	1.0
6208	1.0
10592	1.0
8663	1.0
6215	1.0
47176	1.0
62584	1.0
6222	1.0
6223	1.0
6226	1.0
9209	1.0
6230	1.0
16986	1.0
6237	1.0
6238	1.0
6239	1.0
6240	2.0
6247	1.0
30828	1.0
13331	1.0
10601	1.0
14461	1.0
8665	1.0
15191066731	1.0
6282	1.0
6283	1.0
6284	1.0
6286	1.0
6287	2.0
6288	1.0
34580	1.0
6295	1.0
6297	1.0
10462	1.0
6301	1.0
8268	1.0
6305	1.0
18350	1.0
6316	1.0
6319	1.0
30896	1.0
15191259311	1.0
6326	1.0
6328	1.0
12699	1.0
6331	1.0
825105	1.0
15190980797	1.0
6341	1.0
14536	1.0
6346	1.0
15190898888	1.0
15191297740	1.0
15190931673	1.0
17499	1.0
14560	1.0
10494	1.0
8553	1.0
15190957774	1.0
15190964458	1.0
27005	1.0
15191029998	1.0
6388	1.0
6390	1.0
51583	1.0
8524	1.0
9258	1.0
9260	1.0
6412	2.0
6413	1.0
15190900437	1.0
6419	1.0
9262	1.0
36221	1.0
6426	1.0
6428	1.0
177200	1.0
150790	1.0
6438	2.0
15190951393	1.0
43400	1.0
6455	1.0
14652	1.0
8944	1.0
276800	1.0
6467	1.0
42038	1.0
6473	1.0
6478	1.0
6479	1.0
13368	1.0
10036	1.0
14681	1.0
14684	1.0
6493	1.0
6494	1.0
6496	1.0
8301	1.0
6502	1.0
6503	1.0
39274	1.0
6508	1.0
14701	1.0
15191209436	1.0
6514	1.0
6515	1.0
10037	1.0
6518	3.0
15190899060	1.0
8554	1.0
30381663288	1.0
6529	1.0
6530	1.0
252293	1.0
8552	1.0
10647	1.0
29762	1.0
22927	1.0
6549	1.0
6557	2.0
16588	1.0
6563	2.0
661924	1.0
6569	1.0
15191144875	1.0
145839	1.0
25042	1.0
14771	1.0
9289	1.0
15191316917	1.0
17903	1.0
10655	1.0
124608	1.0
6591	1.0
88512	1.0
23121	1.0
6602	1.0
14755	1.0
22996	1.0
39382	1.0
6615	1.0
154073	1.0
17488	1.0
14822	1.0
9297	1.0
6633	2.0
6637	1.0
12029	1.0
6640	1.0
6644	1.0
14837	1.0
15190989301	1.0
17492	1.0
63234	1.0
15191257938	1.0
15191174095	1.0
6657	1.0
38684	1.0
6665	1.0
6668	1.0
10028	1.0
9304	1.0
30382082090	1.0
6683	1.0
9306	1.0
6688	1.0
6689	1.0
6691	1.0
6692	1.0
6696	1.0
14894	1.0
6704	1.0
6707	1.0
18048	1.0
22104	1.0
6714	1.0
6716	1.0
10678	1.0
6727	1.0
15191101105	1.0
6737	1.0
17805	1.0
6743	1.0
6747	1.0
39520	1.0
6754	1.0
16423	1.0
6757	1.0
6767	1.0
9865	1.0
64115	1.0
23162	1.0
24941	1.0
6782	1.0
8855	1.0
6801	1.0
8476	1.0
6805	1.0
6806	1.0
6812	1.0
18662	1.0
30382594713	1.0
6819	1.0
6825	1.0
6827	1.0
15191272932	1.0
9331	1.0
6836	1.0
6844	1.0
6845	1.0
6846	2.0
72387	1.0
11577	1.0
117196	1.0
15191254132	1.0
15190876701	1.0
6863	1.0
17528	1.0
6873	1.0
100815	1.0
6876	1.0
474917	1.0
6887	1.0
6888	1.0
263292	1.0
36647	1.0
8367	1.0
15191191163	1.0
465663	1.0
118012	1.0
15191062640	1.0
6918	1.0
6919	2.0
15112	1.0
6921	1.0
6922	1.0
6925	1.0
66633	1.0
6932	1.0
30470	1.0
15191046937	1.0
15191014175	1.0
17542	1.0
68728	1.0
15191007598	1.0
6955	1.0
15191210800	1.0
11143	1.0
25738	1.0
15190883131	1.0
6976	1.0
9356	1.0
36664	1.0
6997	1.0
6999	1.0
7003	2.0
18091	1.0
7007	1.0
7012	1.0
10685	1.0
7017	1.0
7020	1.0
12354	1.0
18346	1.0
15216	1.0
7031	1.0
13031	1.0
16191	1.0
7038	1.0
66709	1.0
39812	1.0
7045	1.0
7048	1.0
7049	1.0
7051	2.0
7060	1.0
59156	1.0
7066	1.0
869530	1.0
15191109994	1.0
7079	1.0
9373	1.0
2828788	1.0
8400	2.0
9649	1.0
29071	1.0
7107	1.0
15190994456	1.0
7111	1.0
7117	1.0
15312	1.0
7123	1.0
7134	1.0
8940	1.0
15331	1.0
23524	1.0
15190943610	1.0
15190895097	1.0
7147	1.0
10058	1.0
9384	1.0
15346	1.0
11695	1.0
15190916083	1.0
7160	1.0
7162	1.0
10751	1.0
15190621180	1.0
33791	1.0
7177	1.0
15191351421	1.0
7182	1.0
7183	1.0
9595	1.0
15191172834	1.0
15190885782	1.0
7202	1.0
23587	1.0
51718	1.0
33969	1.0
7210	1.0
8255	1.0
7215	1.0
8886	1.0
41976	1.0
7226	1.0
7229	1.0
93339	1.0
8286	1.0
15191366726	1.0
84258	1.0
15190776906	1.0
15191137357	1.0
14206532440	1.0
7257	1.0
7261	1.0
31850	1.0
7276	1.0
7278	1.0
7285	1.0
23674	1.0
15486	1.0
150037	1.0
7297	1.0
7300	1.0
15191137413	1.0
15497	1.0
15498	1.0
7314	1.0
7323	1.0
7324	1.0
17605	1.0
8973	1.0
16611	1.0
7343	1.0
9069	1.0
8701	1.0
7356	1.0
18794	1.0
7364	1.0
7371	1.0
17614	1.0
7383	1.0
75370	1.0
7389	1.0
8324	1.0
9424	1.0
30382657396	1.0
232384	1.0
15191310511	1.0
7401	1.0
10633	1.0
304527	1.0
407511	1.0
16933	1.0
19151	1.0
18019	1.0
10886	1.0
9432	1.0
7442	1.0
8704	1.0
51759	1.0
23088	1.0
15191203103	1.0
7459	1.0
13069	1.0
7461	1.0
7462	1.0
10801	1.0
7465	1.0
7469	1.0
15190868650	1.0
15190964785	1.0
226676	1.0
362232	1.0
15190918526	1.0
15700	1.0
7519	1.0
7521	1.0
209560	1.0
179555	1.0
15191006569	1.0
10813	1.0
15191070489	1.0
8288	1.0
58601	1.0
7548	1.0
7553	1.0
15190816312	1.0
27601	1.0
7561	1.0
7562	1.0
155024	1.0
17781	1.0
15768	1.0
15191196309	1.0
15191220119	1.0
15191326112	1.0
335272	1.0
33836	1.0
89524	1.0
15191352297	1.0
58083	1.0
26306	1.0
56764	1.0
15190919751	1.0
26168	1.0
25847	1.0
8546	1.0
64976	1.0
15827	1.0
15191031250	1.0
51140	1.0
24026	1.0
14439	1.0
20986	1.0
7651	1.0
14929	1.0
7656	1.0
25852	1.0
15191050831	1.0
7663	1.0
15190867451	1.0
7688	1.0
48649	1.0
204305	1.0
15191286762	1.0
8440	1.0
7728	1.0
7732	1.0
49631	1.0
7736	1.0
40507	1.0
58634	1.0
8259	1.0
7746	1.0
35426	1.0
56913	1.0
15955	1.0
7767	1.0
8442	1.0
15191050039	1.0
24157	1.0
15967	2.0
9488	1.0
7783	1.0
9599	1.0
196207	1.0
15984	1.0
62181	1.0
15988	1.0
7801	1.0
7805	1.0
99401	1.0
7814	1.0
7815	1.0
15191108512	1.0
16011	1.0
7827	1.0
7828	1.0
15190985323	1.0
15191330036	1.0
25951	1.0
7836	1.0
15191163581	1.0
8535	1.0
7847	1.0
15191138673	1.0
7852	1.0
466605	1.0
9501	1.0
15191150535	1.0
15191580350	1.0
83234	1.0
7886	1.0
9927	1.0
35484	1.0
36814	1.0
8719	1.0
24281	1.0
11447	1.0
16094	1.0
48878	1.0
15191300730	1.0
24306	1.0
16339	1.0
15191178229	1.0
15190826740	1.0
10879	1.0
7936	1.0
9515	1.0
20438	1.0
53730	1.0
7973	1.0
15190855529	1.0
16174	1.0
7986	2.0
16182	1.0
7992	1.0
29181	1.0
32574	1.0
9525	1.0
32582	1.0
48968	1.0
147273	1.0
147919	1.0
16208	1.0
19086	1.0
48984	1.0
35471	1.0
9530	1.0
8031	1.0
8032	1.0
851809	1.0
15191142599	1.0
8067	1.0
10902	1.0
8237	1.0
10903	1.0
8081	1.0
40851	1.0
19803	1.0
57242	1.0
8095	1.0
15079	1.0
8510	1.0
32681	1.0
206151	1.0
24493	1.0
13311	1.0
15190859694	1.0
8116	1.0
10169	1.0
15190715458	1.0
8135	1.0
8147	1.0
10147	1.0
8156	1.0
16912	1.0
15191112506	1.0
8173	1.0
8175	1.0
8576	1.0
8182	1.0
262141	1.0
