1	249686.0
2	309876.0
3	193576.0
4	134380.0
5	103340.0
6	80542.0
7	63857.0
8	50029.0
9	39319.0
10	30694.0
11	23803.0
12	19292.0
13	15036.0
14	12219.0
15	10074.0
16	8198.0
17	6872.0
18	5652.0
19	4747.0
20	4137.0
21	3494.0
22	3054.0
23	2651.0
24	2308.0
25	2034.0
26	1915.0
27	1677.0
28	1606.0
29	1531.0
30	1501.0
31	1410.0
32	1254.0
33	1126.0
34	997.0
35	862.0
36	821.0
37	787.0
38	642.0
39	619.0
40	526.0
41	570.0
42	499.0
43	456.0
44	435.0
45	431.0
46	380.0
47	346.0
48	338.0
49	327.0
50	319.0
51	290.0
52	280.0
53	286.0
54	244.0
55	251.0
56	255.0
57	259.0
58	234.0
59	226.0
60	282.0
61	294.0
62	236.0
63	231.0
64	200.0
65	223.0
66	222.0
67	173.0
68	169.0
69	160.0
70	143.0
71	131.0
72	129.0
73	120.0
74	119.0
75	114.0
76	129.0
77	103.0
78	116.0
79	112.0
80	101.0
81	104.0
82	89.0
83	95.0
84	75.0
85	81.0
86	75.0
87	74.0
88	92.0
89	63.0
90	72.0
91	75.0
92	72.0
93	62.0
94	68.0
95	51.0
96	56.0
97	79.0
98	87.0
99	64.0
100	66.0
101	55.0
102	50.0
103	62.0
104	51.0
105	60.0
106	43.0
107	52.0
108	52.0
109	53.0
110	61.0
111	46.0
112	42.0
113	52.0
114	62.0
115	58.0
116	39.0
117	36.0
118	47.0
119	51.0
120	80.0
121	72.0
122	52.0
123	60.0
124	50.0
125	32.0
126	44.0
127	37.0
128	46.0
129	43.0
130	40.0
131	31.0
132	30.0
133	42.0
134	35.0
135	37.0
136	28.0
137	43.0
138	22.0
139	34.0
140	24.0
141	37.0
142	27.0
143	19.0
144	34.0
145	24.0
146	32.0
147	24.0
148	24.0
149	27.0
150	15.0
151	24.0
152	25.0
153	24.0
154	18.0
155	32.0
156	31.0
157	26.0
158	18.0
159	26.0
160	23.0
161	13.0
162	22.0
163	22.0
164	16.0
165	20.0
166	16.0
167	19.0
168	18.0
169	27.0
170	19.0
171	19.0
172	17.0
173	19.0
174	24.0
175	18.0
176	14.0
177	16.0
178	17.0
179	26.0
180	13.0
181	13.0
182	22.0
183	23.0
184	17.0
185	11.0
186	19.0
187	19.0
188	18.0
189	15.0
190	15.0
191	22.0
192	9.0
193	18.0
194	13.0
195	17.0
196	14.0
197	17.0
198	14.0
199	14.0
200	9.0
201	10.0
202	16.0
203	14.0
204	11.0
205	14.0
206	11.0
207	19.0
208	8.0
209	13.0
210	12.0
211	11.0
212	19.0
213	13.0
214	15.0
215	12.0
216	16.0
217	15.0
218	17.0
219	12.0
220	19.0
221	8.0
222	17.0
223	13.0
224	8.0
225	9.0
226	13.0
227	10.0
228	12.0
229	9.0
230	10.0
231	10.0
232	6.0
233	13.0
234	10.0
235	10.0
236	7.0
237	10.0
238	11.0
239	9.0
240	8.0
241	10.0
242	9.0
243	9.0
244	13.0
245	6.0
246	7.0
247	8.0
248	11.0
249	8.0
250	8.0
251	10.0
252	7.0
253	6.0
254	7.0
255	13.0
256	8.0
257	8.0
258	9.0
259	4.0
260	7.0
261	10.0
262	16.0
263	12.0
264	9.0
265	6.0
266	8.0
267	5.0
268	6.0
269	10.0
270	5.0
271	8.0
272	7.0
273	14.0
274	6.0
275	5.0
276	4.0
277	8.0
278	13.0
279	9.0
280	7.0
281	8.0
282	8.0
283	13.0
284	7.0
285	4.0
286	11.0
287	5.0
288	6.0
289	8.0
290	8.0
291	7.0
292	6.0
293	7.0
294	7.0
295	10.0
296	15.0
297	7.0
298	10.0
299	16.0
300	20.0
301	21.0
302	17.0
303	20.0
304	13.0
305	12.0
306	10.0
307	8.0
308	7.0
309	8.0
310	11.0
311	7.0
312	5.0
313	14.0
314	5.0
315	11.0
316	8.0
317	6.0
318	9.0
319	6.0
320	4.0
321	7.0
322	7.0
323	6.0
324	5.0
325	3.0
326	9.0
327	8.0
328	7.0
329	5.0
330	3.0
331	17.0
332	5.0
333	11.0
334	5.0
335	3.0
336	6.0
337	6.0
338	6.0
339	5.0
340	9.0
341	8.0
342	6.0
343	4.0
344	7.0
345	5.0
346	4.0
347	5.0
348	4.0
349	3.0
350	5.0
351	4.0
352	3.0
353	5.0
354	7.0
355	4.0
356	8.0
357	3.0
358	4.0
359	5.0
360	3.0
361	3.0
362	4.0
363	2.0
364	9.0
365	3.0
366	4.0
367	6.0
368	6.0
369	3.0
370	3.0
371	2.0
372	5.0
373	7.0
374	2.0
375	6.0
376	5.0
377	6.0
378	7.0
379	3.0
380	2.0
381	5.0
382	5.0
383	4.0
384	9.0
385	5.0
386	5.0
387	3.0
388	1.0
389	3.0
390	1.0
391	2.0
392	7.0
393	2.0
394	5.0
395	3.0
396	6.0
397	3.0
398	3.0
399	2.0
400	4.0
401	7.0
402	2.0
403	4.0
404	3.0
405	7.0
406	5.0
407	5.0
408	4.0
409	2.0
410	2.0
411	5.0
412	2.0
413	5.0
414	4.0
415	3.0
416	2.0
417	1.0
418	2.0
419	3.0
420	4.0
421	4.0
422	2.0
423	6.0
424	3.0
425	1.0
426	3.0
427	4.0
428	5.0
429	2.0
430	3.0
431	4.0
432	1.0
433	5.0
434	2.0
435	3.0
436	1.0
437	3.0
438	1.0
439	2.0
440	4.0
441	1.0
442	2.0
443	1.0
444	4.0
445	3.0
446	3.0
447	3.0
448	4.0
449	2.0
450	4.0
451	3.0
452	2.0
453	2.0
454	2.0
455	4.0
456	3.0
457	3.0
458	4.0
459	6.0
460	10.0
461	2.0
462	2.0
463	2.0
464	8.0
465	4.0
466	2.0
467	2.0
468	3.0
469	4.0
470	1.0
471	3.0
472	2.0
473	4.0
474	3.0
475	1.0
476	2.0
477	2.0
478	2.0
479	3.0
480	4.0
481	2.0
482	2.0
483	2.0
484	4.0
485	2.0
486	4.0
487	1.0
488	2.0
489	3.0
490	1.0
491	2.0
492	2.0
493	1.0
494	3.0
495	5.0
496	1.0
497	1.0
498	3.0
499	5.0
500	1.0
501	3.0
502	3.0
503	2.0
504	2.0
505	6.0
506	4.0
507	5.0
508	4.0
509	3.0
510	5.0
511	3.0
512	5.0
513	6.0
514	1.0
515	4.0
516	4.0
517	1.0
518	1.0
519	4.0
520	3.0
521	4.0
522	4.0
523	2.0
524	1.0
525	5.0
526	3.0
527	1.0
528	2.0
529	2.0
530	2.0
531	2.0
532	3.0
533	1.0
534	6.0
535	2.0
536	1.0
538	5.0
539	4.0
540	3.0
541	6.0
542	3.0
543	1.0
544	1.0
545	1.0
546	3.0
547	4.0
548	3.0
549	2.0
550	4.0
551	3.0
552	4.0
553	1.0
554	2.0
555	2.0
556	3.0
557	5.0
559	7.0
560	2.0
561	1.0
562	5.0
563	2.0
564	3.0
565	1.0
566	1.0
567	1.0
568	2.0
569	1.0
570	4.0
571	2.0
573	2.0
574	2.0
575	1.0
576	2.0
577	1.0
578	2.0
579	5.0
580	1.0
581	3.0
582	2.0
583	2.0
584	3.0
585	1.0
586	3.0
587	2.0
588	4.0
589	5.0
590	1.0
591	1.0
592	3.0
594	2.0
595	3.0
596	1.0
597	2.0
598	1.0
600	9.0
601	8.0
602	4.0
603	3.0
604	1.0
605	2.0
606	2.0
607	3.0
608	4.0
609	3.0
610	1.0
611	1.0
612	4.0
613	5.0
614	2.0
615	4.0
616	5.0
617	2.0
618	2.0
619	3.0
620	2.0
621	3.0
622	2.0
623	4.0
624	1.0
626	4.0
628	3.0
629	5.0
630	1.0
631	1.0
632	2.0
633	2.0
634	2.0
635	3.0
637	1.0
638	3.0
639	1.0
640	5.0
642	1.0
643	2.0
644	1.0
645	2.0
646	1.0
647	1.0
648	2.0
649	1.0
651	3.0
652	4.0
653	5.0
654	4.0
656	2.0
657	1.0
658	3.0
659	5.0
661	1.0
662	2.0
663	2.0
664	2.0
665	1.0
666	5.0
667	3.0
669	3.0
670	5.0
671	3.0
674	4.0
675	3.0
676	3.0
678	1.0
679	3.0
680	2.0
681	1.0
682	3.0
683	3.0
684	1.0
685	3.0
687	1.0
688	3.0
689	1.0
690	1.0
692	1.0
693	1.0
694	2.0
695	2.0
696	1.0
697	3.0
699	2.0
700	3.0
701	3.0
17086	1.0
703	1.0
705	2.0
706	1.0
708	2.0
709	2.0
710	1.0
712	1.0
17097	1.0
715	3.0
716	1.0
717	1.0
718	1.0
719	2.0
720	3.0
721	2.0
722	1.0
723	5.0
724	2.0
725	2.0
726	1.0
727	3.0
728	3.0
729	1.0
730	1.0
731	1.0
732	1.0
733	1.0
734	1.0
735	1.0
736	2.0
737	2.0
739	3.0
741	2.0
742	1.0
743	2.0
744	1.0
747	1.0
748	1.0
750	2.0
751	1.0
752	2.0
755	1.0
758	2.0
759	1.0
761	2.0
762	3.0
763	1.0
765	3.0
766	1.0
767	1.0
768	1.0
770	2.0
772	1.0
774	2.0
8321	2.0
776	2.0
777	1.0
778	1.0
779	2.0
780	2.0
781	1.0
783	3.0
784	1.0
785	2.0
787	1.0
788	1.0
789	1.0
791	1.0
792	1.0
8324	1.0
794	3.0
797	1.0
798	1.0
799	1.0
800	3.0
801	1.0
803	2.0
804	1.0
805	1.0
806	1.0
808	2.0
809	2.0
810	3.0
811	1.0
812	1.0
813	3.0
815	3.0
816	2.0
818	1.0
820	2.0
821	2.0
822	2.0
825	2.0
828	1.0
829	1.0
832	1.0
833	1.0
834	2.0
835	1.0
836	3.0
837	2.0
838	1.0
839	2.0
840	2.0
841	1.0
842	3.0
843	4.0
845	3.0
846	2.0
847	1.0
849	1.0
850	1.0
851	2.0
852	5.0
853	2.0
855	1.0
856	1.0
857	1.0
859	1.0
861	3.0
862	1.0
863	1.0
864	2.0
870	3.0
871	2.0
872	3.0
874	3.0
876	1.0
877	2.0
880	1.0
881	1.0
883	1.0
884	2.0
885	1.0
886	1.0
888	1.0
891	2.0
893	4.0
894	2.0
895	2.0
897	3.0
898	4.0
899	1.0
900	1.0
902	1.0
903	1.0
905	1.0
906	1.0
907	1.0
909	2.0
911	2.0
915	1.0
916	1.0
917	2.0
919	1.0
920	2.0
922	1.0
924	3.0
925	2.0
926	2.0
929	1.0
930	1.0
932	4.0
936	2.0
941	1.0
943	1.0
945	2.0
946	1.0
947	1.0
948	1.0
949	1.0
950	2.0
951	2.0
954	2.0
955	1.0
956	2.0
957	3.0
959	1.0
960	3.0
961	1.0
963	2.0
964	2.0
967	1.0
969	2.0
970	3.0
971	1.0
972	1.0
976	3.0
977	1.0
980	1.0
987	1.0
988	2.0
989	2.0
990	5.0
992	1.0
994	1.0
996	1.0
997	1.0
998	3.0
1001	1.0
1003	1.0
1006	1.0
1007	2.0
1011	3.0
1013	1.0
1017	1.0
1019	1.0
1020	1.0
1021	1.0
1022	2.0
1025	3.0
1026	2.0
1029	1.0
1030	1.0
1033	1.0
1034	1.0
1035	1.0
1037	1.0
1038	1.0
1039	2.0
1040	2.0
1041	1.0
1042	2.0
1045	1.0
1046	1.0
1047	4.0
1049	2.0
1050	2.0
1052	1.0
1055	1.0
1056	1.0
1057	1.0
1058	1.0
1059	1.0
1060	1.0
9253	1.0
1064	1.0
1069	1.0
1070	1.0
1072	1.0
1076	3.0
1077	1.0
1078	1.0
9271	1.0
17466	1.0
1083	1.0
1084	1.0
1085	2.0
1087	1.0
1088	2.0
1091	1.0
1092	1.0
1095	1.0
1096	1.0
1097	1.0
1099	2.0
1100	3.0
42061	1.0
1102	3.0
1103	2.0
1105	3.0
1106	1.0
1107	2.0
1109	1.0
1110	1.0
1111	1.0
1114	1.0
1118	1.0
1119	1.0
1122	1.0
8379	1.0
1124	2.0
1127	1.0
1129	3.0
1130	2.0
1133	1.0
1134	2.0
1140	1.0
1141	1.0
1143	2.0
1146	1.0
1147	2.0
1148	1.0
1153	2.0
1154	4.0
1156	1.0
1159	1.0
1160	1.0
42123	1.0
1164	2.0
1167	3.0
1173	2.0
1174	1.0
1175	3.0
1180	1.0
1181	2.0
1182	1.0
1184	1.0
1185	1.0
1186	1.0
1189	1.0
1190	2.0
1193	2.0
1196	1.0
1198	3.0
1199	3.0
1200	1.0
1201	1.0
1203	2.0
1206	2.0
1207	4.0
1211	1.0
1212	1.0
1214	1.0
1215	1.0
1216	1.0
1217	1.0
1223	1.0
1225	2.0
1226	1.0
1227	1.0
1231	2.0
1232	1.0
1234	1.0
1238	1.0
1241	2.0
1243	1.0
9436	1.0
1247	1.0
1248	2.0
1250	1.0
1253	1.0
1254	1.0
8498	1.0
9452	1.0
1263	2.0
1265	1.0
1266	2.0
1271	2.0
1272	2.0
1273	1.0
1274	1.0
1275	1.0
1276	1.0
1277	1.0
1279	1.0
1282	1.0
1283	1.0
1285	1.0
1287	2.0
1288	2.0
1292	1.0
1293	1.0
1294	1.0
1297	1.0
1298	2.0
1303	1.0
1304	1.0
1306	3.0
1307	3.0
1308	3.0
1309	1.0
1313	1.0
1315	1.0
1317	1.0
1321	1.0
1325	1.0
1328	1.0
1331	1.0
1332	1.0
1333	2.0
1334	1.0
1335	1.0
1338	2.0
1339	1.0
1340	2.0
1342	1.0
1345	1.0
1346	3.0
1350	2.0
1351	1.0
1352	1.0
1353	3.0
1355	1.0
1357	3.0
1365	1.0
1366	2.0
1367	1.0
1369	3.0
1371	1.0
1372	1.0
1373	1.0
1374	2.0
1375	1.0
1377	2.0
1378	2.0
1382	2.0
1383	1.0
1384	1.0
1385	1.0
1386	1.0
1389	2.0
1391	2.0
1392	2.0
1393	1.0
1394	1.0
1395	1.0
1396	1.0
1397	2.0
1400	2.0
1401	1.0
1402	1.0
1403	3.0
1404	1.0
1405	1.0
1411	1.0
1414	1.0
16620	1.0
1421	1.0
1425	1.0
1426	1.0
1429	2.0
1430	2.0
1434	1.0
1436	1.0
1439	1.0
1442	2.0
1446	1.0
1447	2.0
1450	1.0
1451	2.0
1452	1.0
1455	3.0
1456	1.0
1462	1.0
1463	3.0
1464	2.0
1468	3.0
1471	1.0
1473	1.0
1474	1.0
1475	1.0
1476	1.0
1479	1.0
34380	1.0
1488	1.0
1491	1.0
1504	1.0
1505	1.0
1506	1.0
1507	1.0
16417	1.0
1510	1.0
1516	1.0
9709	1.0
1518	3.0
1521	1.0
1522	2.0
1524	1.0
1525	1.0
1527	1.0
1528	1.0
1535	3.0
1540	1.0
1542	2.0
24833	1.0
1547	1.0
1549	1.0
1552	1.0
1554	2.0
34329	1.0
1566	1.0
1568	1.0
1569	1.0
1571	1.0
1576	1.0
1577	1.0
1589	1.0
1593	1.0
1594	1.0
1595	1.0
1597	2.0
1599	1.0
1603	1.0
9796	1.0
1606	2.0
1609	1.0
1611	1.0
1612	2.0
1613	2.0
1615	1.0
1617	1.0
9813	1.0
1623	2.0
1624	1.0
1625	2.0
1629	1.0
1631	1.0
1632	1.0
1634	2.0
1635	2.0
1636	1.0
1637	1.0
1640	1.0
1643	1.0
1648	1.0
1649	1.0
1654	1.0
1659	1.0
1661	1.0
1662	1.0
1664	1.0
1669	1.0
1670	1.0
1671	3.0
1672	1.0
9865	1.0
1674	1.0
1676	1.0
1678	1.0
1682	1.0
1685	1.0
1686	3.0
1687	1.0
1688	1.0
1694	1.0
1698	1.0
1701	1.0
1705	2.0
1708	1.0
1709	1.0
1710	1.0
1711	1.0
1719	1.0
1721	1.0
1725	1.0
1726	1.0
1733	1.0
1734	1.0
26311	1.0
1736	1.0
1738	1.0
1739	1.0
1740	1.0
1746	1.0
1747	1.0
1748	1.0
1749	2.0
1750	2.0
1751	1.0
26330	1.0
1756	1.0
1759	2.0
1761	3.0
1764	1.0
1765	1.0
1769	1.0
1775	1.0
1776	2.0
1777	1.0
1779	1.0
1780	1.0
1784	1.0
9979	1.0
1790	1.0
1798	1.0
1801	1.0
1802	2.0
1804	1.0
1806	1.0
34575	1.0
1810	1.0
1813	1.0
1816	1.0
8495	1.0
1823	1.0
1828	1.0
9862	2.0
1831	2.0
1833	1.0
1834	1.0
1835	2.0
1837	1.0
1840	1.0
1841	1.0
1848	1.0
1850	1.0
1851	1.0
1853	1.0
1857	1.0
1858	1.0
1865	1.0
1866	1.0
1872	1.0
1873	1.0
1875	1.0
1878	1.0
1880	1.0
1892	1.0
1895	1.0
10088	1.0
1898	1.0
1900	1.0
1911	1.0
1913	1.0
1914	1.0
24895	1.0
1918	1.0
8512	1.0
1923	1.0
1925	1.0
1932	2.0
1934	1.0
1939	1.0
1946	1.0
1947	1.0
1949	1.0
1950	1.0
1953	1.0
1955	1.0
1958	1.0
1963	1.0
10161	2.0
1974	1.0
1975	1.0
1982	1.0
1984	1.0
1989	1.0
1991	1.0
1993	1.0
1997	1.0
10191	1.0
19448	1.0
2007	2.0
2011	2.0
2013	1.0
2019	1.0
2020	1.0
2022	2.0
10216	1.0
27644	1.0
2028	1.0
2029	1.0
2036	1.0
2040	1.0
2043	1.0
2050	1.0
2052	1.0
2053	1.0
26631	1.0
2057	1.0
2058	1.0
2061	1.0
2063	1.0
2064	1.0
2065	1.0
10261	1.0
2072	1.0
2078	1.0
2085	1.0
2088	2.0
2089	2.0
2094	1.0
2100	1.0
2106	1.0
2114	2.0
2122	1.0
2128	1.0
2129	1.0
2133	1.0
2135	1.0
2136	1.0
2140	1.0
2144	1.0
2147	2.0
2153	1.0
2157	1.0
2162	1.0
10356	1.0
2167	1.0
2170	1.0
18555	1.0
2174	1.0
2178	1.0
18571	2.0
2188	1.0
2195	1.0
2206	2.0
2207	1.0
2208	1.0
2210	1.0
2214	1.0
15895	1.0
2218	1.0
42695	1.0
2224	2.0
2225	1.0
18612	1.0
2230	1.0
2231	2.0
10426	1.0
18621	1.0
9931	1.0
8258	1.0
2246	1.0
2247	1.0
2252	1.0
2254	1.0
2256	1.0
2259	1.0
2262	1.0
2264	1.0
2266	1.0
2267	1.0
2271	1.0
2276	1.0
10474	1.0
2283	1.0
2284	1.0
9938	1.0
2293	1.0
2303	1.0
2304	1.0
2308	1.0
18698	1.0
2318	1.0
2320	1.0
2325	1.0
2330	1.0
2340	1.0
2348	2.0
2349	2.0
2351	1.0
2352	1.0
2353	1.0
2357	1.0
2363	1.0
2368	1.0
2379	1.0
2384	1.0
2385	1.0
2390	1.0
2391	1.0
2394	1.0
2397	1.0
2400	1.0
10615	1.0
67964	1.0
10992	1.0
2430	1.0
2431	1.0
2442	1.0
10635	1.0
2444	1.0
2451	1.0
2454	1.0
8601	1.0
2456	2.0
2460	1.0
2467	1.0
8607	1.0
2492	1.0
2493	1.0
2497	1.0
2499	1.0
2500	2.0
2531	1.0
2537	1.0
2538	1.0
10736	1.0
2547	1.0
2551	1.0
2555	1.0
10752	1.0
2562	1.0
12292	1.0
2567	2.0
2569	1.0
2570	1.0
2574	1.0
2577	1.0
2582	1.0
2583	1.0
2586	1.0
2587	1.0
2591	1.0
18978	1.0
2595	1.0
2597	1.0
2602	1.0
2603	1.0
2612	1.0
2632	1.0
2633	1.0
2634	1.0
2640	1.0
2651	1.0
10848	1.0
2661	1.0
2667	1.0
16829	1.0
2675	2.0
2678	1.0
19067	1.0
2687	1.0
2688	1.0
2690	1.0
2695	1.0
2696	1.0
2701	1.0
2712	3.0
2720	1.0
10920	1.0
2730	1.0
2741	1.0
2743	1.0
2744	1.0
2755	2.0
2759	1.0
2765	1.0
2767	1.0
2769	1.0
19156	1.0
2774	1.0
2776	1.0
2785	2.0
8657	1.0
2793	1.0
2794	1.0
2795	1.0
2800	2.0
2804	1.0
2809	1.0
2814	1.0
2817	1.0
2818	1.0
2819	1.0
2826	1.0
2828	1.0
2831	1.0
2832	1.0
2834	1.0
2843	2.0
2853	1.0
2854	1.0
2865	1.0
2868	1.0
11062	2.0
2873	1.0
19264	1.0
2883	1.0
2886	1.0
19271	1.0
2890	1.0
2891	1.0
2893	1.0
2897	1.0
19284	1.0
2905	1.0
2908	1.0
2910	1.0
2912	2.0
2914	1.0
2916	1.0
2919	1.0
2925	1.0
2926	1.0
11119	1.0
11131	2.0
9785	1.0
2956	1.0
2982	1.0
8283	1.0
11193	1.0
27581	1.0
3006	1.0
34198	1.0
3015	1.0
3021	1.0
3032	1.0
3036	1.0
3038	1.0
3042	1.0
19433	1.0
19441	1.0
3063	1.0
3064	1.0
3065	1.0
3068	1.0
3069	1.0
3073	1.0
3074	2.0
3077	1.0
3078	1.0
19477	1.0
3102	1.0
3111	1.0
27691	1.0
3134	1.0
3143	1.0
3151	1.0
11357	1.0
3176	2.0
3183	1.0
3184	1.0
3187	1.0
3191	1.0
3199	1.0
3201	1.0
3205	1.0
3221	1.0
3224	1.0
3228	2.0
3230	1.0
3243	1.0
3244	1.0
3255	1.0
3262	1.0
3267	1.0
8195	1.0
3272	1.0
3297	1.0
3300	1.0
3330	1.0
11531	1.0
3341	1.0
3349	1.0
3353	1.0
16944	1.0
3362	1.0
3367	1.0
3371	1.0
3384	1.0
3393	1.0
15585	1.0
3400	1.0
10124	1.0
3415	1.0
3422	1.0
3428	2.0
3431	1.0
3435	1.0
3446	1.0
3452	1.0
3455	1.0
3457	1.0
3475	1.0
3487	1.0
3504	1.0
3511	1.0
11720	1.0
3531	1.0
11732	1.0
3541	1.0
3546	1.0
3552	1.0
12881	1.0
3561	1.0
11784	1.0
3593	1.0
36362	1.0
3606	1.0
3607	2.0
8794	1.0
11806	1.0
3623	3.0
3628	1.0
3641	2.0
3646	2.0
3651	1.0
3655	1.0
16391	1.0
3663	1.0
3674	1.0
3688	1.0
11887	1.0
3700	2.0
3702	1.0
3719	1.0
3724	1.0
3728	1.0
3734	1.0
3737	1.0
3745	1.0
3781	1.0
11554	1.0
11987	1.0
3796	1.0
8827	1.0
3822	1.0
3827	1.0
3850	1.0
3865	1.0
3874	1.0
3875	1.0
33414	1.0
3878	1.0
3884	1.0
20270	1.0
8840	1.0
3893	1.0
3899	1.0
12096	1.0
3908	1.0
3910	1.0
34501	1.0
3939	1.0
3978	1.0
4020	1.0
25246	1.0
4022	1.0
4033	1.0
18424	1.0
17063	1.0
4076	1.0
4083	1.0
4100	1.0
12293	1.0
19799	1.0
4109	1.0
4112	1.0
4117	1.0
28696	1.0
18436	1.0
28700	1.0
4136	1.0
26633	1.0
12344	1.0
4153	1.0
20541	1.0
4160	1.0
4165	1.0
12369	1.0
4185	1.0
4188	1.0
4189	1.0
20578	1.0
4198	1.0
4204	2.0
12406	1.0
4219	1.0
4226	1.0
4231	1.0
4240	1.0
4243	1.0
4244	1.0
4250	1.0
4252	1.0
4259	1.0
4260	1.0
4265	2.0
8904	1.0
20661	1.0
4280	1.0
4286	1.0
4290	1.0
4304	1.0
4318	1.0
12531	1.0
12549	1.0
12552	1.0
4367	1.0
4388	1.0
20775	1.0
4396	1.0
12589	1.0
20786	1.0
4407	1.0
12606	1.0
4421	1.0
4433	1.0
4438	1.0
4448	1.0
4453	1.0
9696	1.0
20855	1.0
4482	1.0
8939	1.0
37256	1.0
4520	1.0
4522	1.0
4524	1.0
4528	1.0
4533	1.0
9741	1.0
4537	1.0
29115	1.0
9575	1.0
1519137245	1.0
4577	1.0
21006	1.0
4626	1.0
4637	2.0
4640	1.0
4650	1.0
4656	1.0
4687	1.0
4689	1.0
4698	1.0
17172	1.0
29307	1.0
4733	1.0
4740	1.0
4742	1.0
8984	1.0
4758	1.0
4764	1.0
4777	1.0
4791	1.0
4798	1.0
4800	1.0
4810	1.0
4825	1.0
4829	1.0
4830	1.0
4834	1.0
4855	1.0
54009	1.0
4859	2.0
29441	1.0
4883	1.0
4888	1.0
4894	2.0
4897	1.0
4903	1.0
4918	1.0
37686	1.0
4949	1.0
4956	1.0
4965	1.0
4968	1.0
4987	1.0
4991	1.0
4998	1.0
21388	1.0
5009	1.0
29606	1.0
21416	1.0
13233	1.0
5049	1.0
5052	1.0
5054	1.0
5115	1.0
5131	2.0
5141	1.0
5145	1.0
21539	1.0
5196	1.0
5202	1.0
13405	1.0
5228	1.0
5246	1.0
38015	1.0
5259	1.0
46236	1.0
5310	1.0
13503	2.0
5327	1.0
29931	1.0
5383	1.0
5385	1.0
5394	1.0
5396	1.0
5400	1.0
13593	1.0
5410	2.0
5414	1.0
5427	1.0
5429	1.0
5443	1.0
5449	1.0
5488	1.0
5512	1.0
5514	2.0
5528	1.0
5568	1.0
5583	1.0
5584	1.0
8370	1.0
13809	1.0
5638	1.0
9133	1.0
46609	1.0
5653	1.0
10500	1.0
13859	1.0
5671	1.0
5691	1.0
5702	1.0
13903	1.0
13925	2.0
8375	2.0
5802	1.0
5807	1.0
5812	2.0
5820	1.0
5821	1.0
5867	1.0
14075	1.0
14080	1.0
14085	1.0
5904	1.0
14101	1.0
25566	1.0
14148	2.0
5964	1.0
5973	1.0
5983	1.0
5989	1.0
6002	1.0
6056	1.0
6063	1.0
6096	1.0
10576	1.0
14306	1.0
30692	1.0
6124	1.0
6131	1.0
30712	2.0
14341	1.0
256825350	1.0
6152	1.0
6155	1.0
6174	1.0
6182	1.0
6187	1.0
22579	1.0
13323	1.0
6219	1.0
6235	1.0
22627	1.0
39032	1.0
6314	1.0
6340	1.0
6347	1.0
6367	1.0
30958	1.0
6383	1.0
6391	1.0
14589	1.0
6429	1.0
6431	1.0
6444	1.0
31021	1.0
22839	1.0
6460	1.0
14670	1.0
6491	1.0
6507	1.0
47492	1.0
14738	1.0
31123	1.0
31125	1.0
39341	1.0
17480	1.0
55762	1.0
6615	1.0
6625	1.0
8404	1.0
9298	1.0
6639	1.0
9299	1.0
6645	1.0
6664	1.0
6671	1.0
6679	1.0
6687	1.0
14920	1.0
6733	1.0
6754	1.0
6756	1.0
14955	1.0
6775	1.0
6791	1.0
39563	1.0
6799	1.0
6811	1.0
6832	1.0
6857	1.0
6871	1.0
31453	1.0
15097	1.0
6927	1.0
6941	1.0
15151	1.0
6989	1.0
23383	1.0
7015	1.0
15219	1.0
31633	1.0
7079	1.0
31659	1.0
7121	1.0
7134	1.0
8421	1.0
7141	1.0
7154	1.0
7173	1.0
23597	1.0
23602	1.0
23605	1.0
10761	1.0
7237	1.0
81008	1.0
7282	1.0
7283	1.0
17598	1.0
7287	1.0
7292	1.0
15494	1.0
31911	1.0
23745	1.0
7385	1.0
9424	1.0
7394	1.0
23787	1.0
15611	1.0
7437	2.0
7478	1.0
7484	1.0
7500	1.0
7501	1.0
23893	1.0
23895	1.0
32103	1.0
7546	1.0
32165	1.0
9801	1.0
7632	1.0
9469	1.0
7669	1.0
7676	1.0
7683	1.0
32262	1.0
7703	1.0
15929	1.0
1519099452	1.0
7743	1.0
15948	1.0
7781	1.0
9489	1.0
7851	1.0
7907	1.0
7916	1.0
1519099631	1.0
16148	1.0
48918	1.0
16160	1.0
25907	1.0
9815	1.0
16238	1.0
8047	1.0
8060	1.0
9538	1.0
8089	1.0
8161	1.0
8166	1.0
