1	16962.0
2	17392.0
3	16059.0
4	18013.0
5	20304.0
6	23960.0
7	29111.0
8	33462.0
9	36411.0
10	38012.0
11	37423.0
12	36169.0
13	34660.0
14	33342.0
15	31654.0
16	30170.0
17	28658.0
18	27121.0
19	26194.0
20	24485.0
21	23516.0
22	22185.0
23	21220.0
24	20387.0
25	19222.0
26	18543.0
27	18174.0
28	17455.0
29	16826.0
30	16048.0
31	15520.0
32	14898.0
33	14224.0
34	13765.0
35	13538.0
36	12997.0
37	13103.0
38	12527.0
39	11869.0
40	11939.0
41	11650.0
42	11337.0
43	11128.0
44	10489.0
45	10315.0
46	10122.0
47	9987.0
48	9776.0
49	9362.0
50	9174.0
51	8855.0
52	8902.0
53	8442.0
54	8264.0
55	8335.0
56	8040.0
57	7630.0
58	7498.0
59	7439.0
60	7137.0
61	7132.0
62	6801.0
63	6782.0
64	6585.0
65	6521.0
66	6332.0
67	6259.0
68	6010.0
69	5764.0
70	5671.0
71	5592.0
72	5451.0
73	5309.0
74	5213.0
75	5090.0
76	4776.0
77	4808.0
78	4829.0
79	4536.0
80	4425.0
81	4406.0
82	4194.0
83	4120.0
84	4054.0
85	3917.0
86	4060.0
87	3766.0
88	3677.0
89	3673.0
90	3452.0
91	3480.0
92	3332.0
93	3283.0
94	3103.0
95	3082.0
96	3029.0
97	2981.0
98	2840.0
99	2871.0
100	2693.0
101	2679.0
102	2598.0
103	2436.0
104	2519.0
105	2488.0
106	2308.0
107	2213.0
108	2209.0
109	2206.0
110	2147.0
111	2128.0
112	2177.0
113	2005.0
114	1984.0
115	1927.0
116	1873.0
117	1864.0
118	1857.0
119	1716.0
120	1761.0
121	1681.0
122	1584.0
123	1566.0
124	1578.0
125	1534.0
126	1524.0
127	1414.0
128	1433.0
129	1380.0
130	1342.0
131	1405.0
132	1319.0
133	1235.0
134	1220.0
135	1265.0
136	1212.0
137	1214.0
138	1160.0
139	1107.0
140	1082.0
141	1147.0
142	1065.0
143	1061.0
144	1060.0
145	995.0
146	978.0
147	943.0
148	942.0
149	974.0
150	909.0
151	933.0
152	880.0
153	865.0
154	836.0
155	806.0
156	814.0
157	779.0
158	760.0
159	798.0
160	727.0
161	713.0
162	736.0
163	742.0
164	655.0
165	674.0
166	668.0
167	701.0
168	686.0
169	659.0
170	638.0
171	610.0
172	548.0
173	569.0
174	610.0
175	582.0
176	609.0
177	549.0
178	503.0
179	532.0
180	540.0
181	511.0
182	481.0
183	502.0
184	491.0
185	482.0
186	473.0
187	424.0
188	456.0
189	465.0
190	462.0
191	414.0
192	445.0
193	403.0
194	421.0
195	441.0
196	413.0
197	383.0
198	438.0
199	393.0
200	386.0
201	370.0
202	334.0
203	357.0
204	361.0
205	338.0
206	378.0
207	361.0
208	354.0
209	318.0
210	323.0
211	331.0
212	338.0
213	315.0
214	306.0
215	285.0
216	352.0
217	286.0
218	291.0
219	274.0
220	276.0
221	268.0
222	258.0
223	308.0
224	274.0
225	258.0
226	279.0
227	246.0
228	249.0
229	255.0
230	256.0
231	262.0
232	261.0
233	241.0
234	211.0
235	231.0
236	242.0
237	201.0
238	231.0
239	220.0
240	208.0
241	223.0
242	209.0
243	192.0
244	212.0
245	201.0
246	195.0
247	197.0
248	210.0
249	200.0
250	195.0
251	198.0
252	209.0
253	193.0
254	210.0
255	205.0
256	177.0
257	181.0
258	185.0
259	192.0
260	165.0
261	192.0
262	159.0
263	180.0
264	165.0
265	163.0
266	159.0
267	180.0
268	167.0
269	165.0
270	147.0
271	174.0
272	181.0
273	159.0
274	151.0
275	168.0
276	155.0
277	161.0
278	146.0
279	162.0
280	149.0
281	143.0
282	135.0
283	133.0
284	152.0
285	161.0
286	142.0
287	188.0
288	156.0
289	142.0
290	179.0
291	136.0
292	154.0
293	146.0
294	150.0
295	181.0
296	157.0
297	142.0
298	141.0
299	144.0
300	150.0
301	148.0
302	156.0
303	143.0
304	142.0
305	154.0
306	116.0
307	150.0
308	113.0
309	129.0
310	159.0
311	137.0
312	131.0
313	119.0
314	135.0
315	131.0
316	124.0
317	135.0
318	117.0
319	105.0
320	120.0
321	109.0
322	123.0
323	110.0
324	143.0
325	122.0
326	98.0
327	111.0
328	107.0
329	101.0
330	102.0
331	104.0
332	101.0
333	113.0
334	85.0
335	111.0
336	105.0
337	86.0
338	102.0
339	92.0
340	98.0
341	91.0
342	103.0
343	79.0
344	84.0
345	79.0
346	79.0
347	88.0
348	94.0
349	68.0
350	97.0
351	71.0
352	84.0
353	94.0
354	84.0
355	80.0
356	79.0
357	82.0
358	71.0
359	83.0
360	93.0
361	79.0
362	76.0
363	80.0
364	78.0
365	93.0
366	77.0
367	69.0
368	85.0
369	66.0
370	84.0
371	67.0
372	57.0
373	59.0
374	75.0
375	65.0
376	66.0
377	68.0
378	52.0
379	69.0
380	64.0
381	65.0
382	67.0
383	80.0
384	56.0
385	60.0
386	59.0
387	66.0
388	61.0
389	56.0
390	49.0
391	54.0
392	63.0
393	46.0
394	56.0
395	48.0
396	55.0
397	57.0
398	36.0
399	54.0
400	57.0
401	67.0
402	55.0
403	58.0
404	49.0
405	55.0
406	56.0
407	54.0
408	65.0
409	57.0
410	54.0
411	48.0
412	55.0
413	53.0
414	37.0
415	57.0
416	55.0
417	52.0
418	47.0
419	46.0
420	49.0
421	44.0
422	41.0
423	49.0
424	39.0
425	46.0
426	48.0
427	55.0
428	38.0
429	58.0
430	38.0
431	38.0
432	39.0
433	57.0
434	47.0
435	28.0
436	44.0
437	47.0
438	54.0
439	42.0
440	39.0
441	52.0
442	53.0
443	36.0
444	51.0
445	43.0
446	37.0
447	33.0
448	48.0
449	38.0
450	40.0
451	43.0
452	26.0
453	34.0
454	39.0
455	39.0
456	33.0
457	36.0
458	43.0
459	43.0
460	44.0
461	39.0
462	34.0
463	35.0
464	36.0
465	26.0
466	35.0
467	36.0
468	30.0
469	38.0
470	37.0
471	27.0
472	44.0
473	42.0
474	32.0
475	41.0
476	26.0
477	27.0
478	31.0
479	35.0
480	33.0
481	32.0
482	25.0
483	29.0
484	42.0
485	24.0
486	36.0
487	33.0
488	36.0
489	26.0
490	44.0
491	33.0
492	29.0
493	37.0
494	40.0
495	28.0
496	28.0
497	30.0
498	32.0
499	33.0
500	29.0
501	37.0
502	33.0
503	26.0
504	25.0
505	23.0
506	26.0
507	28.0
508	25.0
509	36.0
510	31.0
511	28.0
512	32.0
513	26.0
514	27.0
515	28.0
516	22.0
517	34.0
518	26.0
519	24.0
520	33.0
521	22.0
522	43.0
523	22.0
524	28.0
525	24.0
526	27.0
527	24.0
528	31.0
529	27.0
530	38.0
531	27.0
532	24.0
533	25.0
534	27.0
535	20.0
536	18.0
537	19.0
538	30.0
539	27.0
540	27.0
541	23.0
542	23.0
543	20.0
544	22.0
545	32.0
546	31.0
547	27.0
548	28.0
549	25.0
550	20.0
551	24.0
552	24.0
553	21.0
554	21.0
555	23.0
556	36.0
557	26.0
558	19.0
559	23.0
560	38.0
561	38.0
562	27.0
563	12.0
564	29.0
565	20.0
566	32.0
567	30.0
568	26.0
569	22.0
570	23.0
571	13.0
572	17.0
573	28.0
574	27.0
575	25.0
576	20.0
577	34.0
578	24.0
579	20.0
580	26.0
581	22.0
582	26.0
583	23.0
584	21.0
585	21.0
586	24.0
587	24.0
588	25.0
589	26.0
590	14.0
591	24.0
592	29.0
593	33.0
594	22.0
595	33.0
596	26.0
597	28.0
598	30.0
599	23.0
600	34.0
601	32.0
602	35.0
603	28.0
604	26.0
605	24.0
606	31.0
607	23.0
608	32.0
609	26.0
610	37.0
611	19.0
612	30.0
613	23.0
614	25.0
615	23.0
616	26.0
617	26.0
618	19.0
619	24.0
620	21.0
621	29.0
622	24.0
623	21.0
624	20.0
625	15.0
626	34.0
627	22.0
628	30.0
629	16.0
630	20.0
631	27.0
632	14.0
633	25.0
634	15.0
635	16.0
636	21.0
637	22.0
638	20.0
639	22.0
640	18.0
641	28.0
642	17.0
643	28.0
644	25.0
645	22.0
646	20.0
647	16.0
648	26.0
649	25.0
650	16.0
651	25.0
652	29.0
653	19.0
654	25.0
655	15.0
656	21.0
657	24.0
658	28.0
659	18.0
660	18.0
661	10.0
662	19.0
663	15.0
664	21.0
665	20.0
666	19.0
667	19.0
668	15.0
669	16.0
670	19.0
671	20.0
672	16.0
673	11.0
674	18.0
675	11.0
676	15.0
677	17.0
678	18.0
679	22.0
680	21.0
681	19.0
682	16.0
683	16.0
684	14.0
685	18.0
686	20.0
687	15.0
688	16.0
689	11.0
690	15.0
691	15.0
692	12.0
693	10.0
694	22.0
695	13.0
696	21.0
697	13.0
698	10.0
699	15.0
700	12.0
701	11.0
702	12.0
703	12.0
704	9.0
705	16.0
706	16.0
707	13.0
708	12.0
709	20.0
710	10.0
711	8.0
712	11.0
713	11.0
714	17.0
715	16.0
716	8.0
717	18.0
718	15.0
719	14.0
720	11.0
721	15.0
722	13.0
723	17.0
724	9.0
725	16.0
726	11.0
727	14.0
728	7.0
729	6.0
730	12.0
731	4.0
732	19.0
733	16.0
734	8.0
735	15.0
736	9.0
737	9.0
738	14.0
739	15.0
740	10.0
741	12.0
742	16.0
743	7.0
744	10.0
745	13.0
746	17.0
747	13.0
748	10.0
749	8.0
750	8.0
751	13.0
752	14.0
753	14.0
754	15.0
755	18.0
756	6.0
757	13.0
758	14.0
759	10.0
760	12.0
761	7.0
762	17.0
763	10.0
764	10.0
765	11.0
766	12.0
767	8.0
768	8.0
769	8.0
770	12.0
771	15.0
772	14.0
773	9.0
774	7.0
775	14.0
776	11.0
777	13.0
778	7.0
779	14.0
780	12.0
781	16.0
782	14.0
783	10.0
784	7.0
785	12.0
786	12.0
787	11.0
788	10.0
789	8.0
790	12.0
791	10.0
792	10.0
793	10.0
794	11.0
795	8.0
796	12.0
797	12.0
798	7.0
799	11.0
800	10.0
801	14.0
802	12.0
803	5.0
804	11.0
805	6.0
806	11.0
807	11.0
808	9.0
809	9.0
810	16.0
811	9.0
812	11.0
813	5.0
814	5.0
815	13.0
816	2.0
817	14.0
818	9.0
819	11.0
820	10.0
821	10.0
822	11.0
823	5.0
824	10.0
825	10.0
826	10.0
827	13.0
828	5.0
829	7.0
830	14.0
831	2.0
832	13.0
833	11.0
834	9.0
835	7.0
836	9.0
837	5.0
838	4.0
839	5.0
840	10.0
841	11.0
842	7.0
843	10.0
844	11.0
845	9.0
846	5.0
847	10.0
848	5.0
849	8.0
850	5.0
851	12.0
852	5.0
853	6.0
854	6.0
855	15.0
856	10.0
857	4.0
858	6.0
859	6.0
860	5.0
861	7.0
862	4.0
863	6.0
864	5.0
865	4.0
866	12.0
867	9.0
868	6.0
869	12.0
870	9.0
871	12.0
872	9.0
873	10.0
874	8.0
875	12.0
876	8.0
877	7.0
878	6.0
879	6.0
880	14.0
881	11.0
882	7.0
883	5.0
884	5.0
885	4.0
886	9.0
887	10.0
888	5.0
889	3.0
890	4.0
891	7.0
892	3.0
893	9.0
894	15.0
895	3.0
896	4.0
897	8.0
898	4.0
899	12.0
900	7.0
901	6.0
902	7.0
903	10.0
904	4.0
905	13.0
906	8.0
907	8.0
908	7.0
909	7.0
910	5.0
911	7.0
912	11.0
913	17.0
914	3.0
915	6.0
916	6.0
917	3.0
918	7.0
919	9.0
920	3.0
921	4.0
922	8.0
923	8.0
924	6.0
925	6.0
926	8.0
927	5.0
928	6.0
929	6.0
930	5.0
931	6.0
932	2.0
933	11.0
934	10.0
935	5.0
936	7.0
937	3.0
938	9.0
939	10.0
940	5.0
941	4.0
942	1.0
943	6.0
944	6.0
945	8.0
946	6.0
947	8.0
948	3.0
949	3.0
950	6.0
951	3.0
952	5.0
953	9.0
954	7.0
955	5.0
956	5.0
957	6.0
958	3.0
959	4.0
960	9.0
961	7.0
962	8.0
963	12.0
964	10.0
965	5.0
966	7.0
967	14.0
968	9.0
969	2.0
970	5.0
971	10.0
972	7.0
973	8.0
974	13.0
975	5.0
976	10.0
977	10.0
978	9.0
979	1.0
980	14.0
981	3.0
982	6.0
983	8.0
984	5.0
985	7.0
986	3.0
987	8.0
988	8.0
989	4.0
990	12.0
991	7.0
992	5.0
993	12.0
994	7.0
995	3.0
996	10.0
997	3.0
998	5.0
999	10.0
1000	4.0
1001	8.0
1002	7.0
1003	5.0
1004	2.0
1005	6.0
1006	6.0
1007	5.0
1008	9.0
1009	6.0
1010	1.0
1011	2.0
1012	4.0
1013	5.0
1014	5.0
1015	4.0
1016	7.0
1017	5.0
1018	4.0
1019	5.0
1020	9.0
1021	2.0
1022	8.0
1023	3.0
1024	7.0
1025	9.0
1026	9.0
1027	4.0
1028	7.0
1029	8.0
1030	5.0
1031	5.0
1032	2.0
1033	6.0
1034	6.0
1035	4.0
1036	10.0
1037	6.0
1038	8.0
1039	3.0
1040	1.0
1041	5.0
1042	7.0
1043	8.0
1044	3.0
1045	7.0
1046	4.0
1047	5.0
1048	11.0
1049	5.0
1050	5.0
1051	1.0
1052	4.0
1053	2.0
1054	3.0
1055	4.0
1056	7.0
1057	6.0
1058	7.0
1059	8.0
1060	1.0
1061	6.0
1062	8.0
1063	3.0
1064	6.0
1065	5.0
1066	8.0
1067	6.0
1068	2.0
1069	4.0
1070	4.0
1071	3.0
1072	3.0
1073	5.0
1074	3.0
1075	6.0
1076	11.0
1077	8.0
1078	5.0
1079	2.0
1080	6.0
1081	2.0
1082	6.0
1083	3.0
1084	9.0
1085	5.0
1086	5.0
1087	4.0
1088	5.0
1089	7.0
1090	7.0
1091	9.0
1092	6.0
1093	3.0
1094	1.0
1095	7.0
1096	9.0
1097	7.0
1098	6.0
1099	7.0
1100	6.0
1101	3.0
1102	4.0
1103	1.0
1104	6.0
1105	3.0
1106	9.0
1107	3.0
1108	6.0
1109	6.0
1110	5.0
1111	3.0
1112	4.0
1113	5.0
1114	4.0
1115	3.0
1116	5.0
1117	2.0
1118	3.0
1119	7.0
1120	6.0
1121	6.0
1122	6.0
1123	6.0
1124	5.0
1125	3.0
1126	4.0
1127	6.0
1128	9.0
1129	5.0
1130	2.0
1131	11.0
1132	6.0
1133	4.0
1134	10.0
1135	6.0
1136	3.0
1137	6.0
1138	2.0
1139	5.0
1140	9.0
1141	5.0
1142	3.0
1143	7.0
1144	6.0
1145	6.0
1146	3.0
1147	11.0
1148	5.0
1149	5.0
1150	7.0
1151	4.0
1152	5.0
1153	2.0
1154	6.0
1155	3.0
1156	5.0
1157	2.0
1158	6.0
1159	3.0
1160	3.0
1161	4.0
1162	4.0
1163	3.0
1164	3.0
1165	2.0
1166	2.0
1167	2.0
1168	6.0
1169	5.0
1170	5.0
1171	5.0
1172	1.0
1173	6.0
1174	6.0
1175	3.0
1176	6.0
1177	3.0
1178	7.0
1179	3.0
1180	7.0
1181	2.0
1182	4.0
1183	4.0
1184	6.0
1185	9.0
1186	5.0
1187	3.0
1188	2.0
1189	9.0
1190	7.0
1191	8.0
1192	5.0
1193	10.0
1194	9.0
1195	10.0
1196	10.0
1197	6.0
1198	5.0
1199	11.0
1200	6.0
1201	11.0
1202	11.0
1203	5.0
1204	6.0
1205	10.0
1206	6.0
1207	5.0
1208	4.0
1209	5.0
1210	9.0
1211	6.0
1212	6.0
1213	3.0
1214	3.0
1215	3.0
1216	7.0
1217	8.0
1218	1.0
1219	7.0
1220	8.0
1221	5.0
1222	6.0
1223	5.0
1224	7.0
1225	7.0
1226	7.0
1227	2.0
1228	4.0
1229	10.0
1230	7.0
1231	6.0
1232	7.0
1233	4.0
1234	3.0
1235	3.0
1236	12.0
1237	2.0
1238	2.0
1239	6.0
1240	5.0
1241	2.0
1242	5.0
1243	3.0
1244	7.0
1245	6.0
1246	1.0
1247	2.0
1249	5.0
1250	1.0
1251	4.0
1252	4.0
1253	5.0
1254	7.0
1255	3.0
1256	1.0
1257	5.0
1258	6.0
1259	4.0
1260	5.0
1261	2.0
1262	4.0
1263	2.0
1264	4.0
1265	7.0
1266	2.0
1267	4.0
1268	5.0
1269	5.0
1270	2.0
1271	3.0
1272	4.0
1273	4.0
1274	2.0
1275	5.0
1276	11.0
1277	4.0
1278	1.0
1279	6.0
1280	6.0
1281	3.0
1282	2.0
1283	5.0
1284	6.0
1285	1.0
1286	4.0
1287	3.0
1288	12.0
1289	5.0
1290	2.0
1291	5.0
1292	3.0
1293	1.0
1294	5.0
1295	4.0
1296	4.0
1297	3.0
1298	7.0
1299	3.0
1300	5.0
1301	5.0
1302	5.0
1303	4.0
1305	1.0
1306	1.0
1307	2.0
1308	3.0
1309	7.0
1310	3.0
1311	5.0
1312	3.0
1313	2.0
1314	4.0
1315	5.0
1316	3.0
1317	1.0
1318	3.0
1319	3.0
1320	1.0
1321	5.0
1322	5.0
1323	2.0
1324	8.0
1325	8.0
1326	2.0
1327	2.0
1328	2.0
1329	3.0
1330	5.0
1331	7.0
1332	1.0
1333	3.0
1334	6.0
1335	8.0
1338	3.0
1339	3.0
1340	4.0
1341	5.0
1342	2.0
1343	3.0
1344	4.0
1345	5.0
1346	5.0
1347	4.0
1348	3.0
1349	4.0
1350	2.0
1351	1.0
1352	4.0
1353	3.0
1354	2.0
1355	6.0
1356	4.0
1357	2.0
1358	1.0
1359	1.0
1360	4.0
1361	6.0
1362	4.0
1363	2.0
1364	3.0
1365	7.0
1366	4.0
1367	1.0
1368	3.0
1369	5.0
1370	8.0
1371	6.0
1372	2.0
1373	2.0
1374	1.0
8421	1.0
1376	4.0
1377	1.0
1378	4.0
1379	1.0
1380	1.0
1381	4.0
1382	6.0
1383	3.0
1384	2.0
1385	2.0
1386	6.0
1387	2.0
1388	2.0
1389	5.0
1390	2.0
1392	3.0
1393	3.0
1394	4.0
1395	1.0
1396	2.0
1397	1.0
1398	5.0
1399	2.0
1400	3.0
1401	3.0
1402	4.0
1403	3.0
1404	2.0
1405	6.0
1406	3.0
1407	5.0
1408	3.0
1409	3.0
1410	5.0
1411	3.0
1412	1.0
1413	6.0
1414	1.0
1415	1.0
1416	3.0
1417	3.0
1418	4.0
1419	2.0
1420	3.0
11086	1.0
1422	2.0
1423	2.0
1424	3.0
1425	1.0
1426	4.0
1427	3.0
1428	2.0
1429	1.0
1430	1.0
1431	1.0
1432	3.0
1433	1.0
1434	4.0
1435	2.0
1436	6.0
1437	4.0
1438	6.0
1439	5.0
1440	2.0
1441	3.0
1442	1.0
1443	2.0
1444	5.0
1445	4.0
1446	1.0
1447	1.0
1448	1.0
1449	2.0
1450	4.0
1451	2.0
1452	4.0
1453	2.0
1454	3.0
1455	3.0
1456	3.0
1457	5.0
1458	4.0
1459	3.0
1460	3.0
1461	4.0
1462	2.0
1463	3.0
1465	5.0
1467	2.0
1468	3.0
1469	2.0
1470	3.0
1471	1.0
1473	4.0
1474	2.0
1475	5.0
1476	1.0
1477	5.0
1478	3.0
1479	1.0
1480	2.0
1481	7.0
1482	5.0
1483	2.0
1484	3.0
1485	1.0
1486	1.0
1487	1.0
1488	2.0
1489	2.0
1490	3.0
1491	3.0
1492	3.0
13902	1.0
1494	1.0
1495	1.0
1496	2.0
1497	2.0
1498	2.0
1500	1.0
1501	4.0
1502	2.0
1503	1.0
1504	2.0
1505	1.0
1506	3.0
1507	1.0
1508	2.0
1509	5.0
1510	3.0
1511	5.0
1512	4.0
1513	2.0
1514	3.0
1515	2.0
1516	2.0
1518	3.0
1519	1.0
1520	3.0
1521	1.0
1523	2.0
1524	4.0
1525	3.0
1526	3.0
1527	1.0
1528	4.0
1529	3.0
1530	3.0
1531	3.0
1532	1.0
1533	4.0
1534	1.0
1535	3.0
1536	2.0
1539	2.0
1540	2.0
1541	4.0
1542	2.0
1543	2.0
1544	4.0
1545	2.0
1546	6.0
1547	5.0
1548	4.0
1549	2.0
1550	1.0
1551	2.0
1552	1.0
1553	5.0
1554	1.0
1555	6.0
1556	4.0
1557	3.0
1558	2.0
1559	6.0
1560	1.0
1561	1.0
1562	3.0
1563	1.0
1564	1.0
1565	2.0
1566	2.0
1567	6.0
1568	2.0
1569	3.0
1570	5.0
1571	1.0
1572	2.0
1573	1.0
1574	1.0
1575	2.0
1576	2.0
1577	2.0
1578	5.0
1579	2.0
64434	1.0
1582	2.0
1583	2.0
1584	4.0
1585	1.0
1586	2.0
1587	4.0
1588	6.0
1589	3.0
1590	2.0
1591	3.0
1593	1.0
1594	6.0
1595	2.0
1596	2.0
1597	1.0
1598	5.0
1599	2.0
1600	1.0
1601	2.0
1602	1.0
1603	2.0
1604	1.0
1605	1.0
1606	2.0
1607	1.0
1608	1.0
1609	1.0
1610	1.0
1612	3.0
11140	1.0
1614	4.0
1615	5.0
1616	3.0
1617	2.0
1618	3.0
1619	1.0
1620	1.0
1621	3.0
1622	1.0
1625	2.0
1626	3.0
1627	3.0
1628	3.0
1629	5.0
1630	2.0
1631	1.0
1632	1.0
1633	3.0
1634	1.0
1635	1.0
18020	1.0
1637	4.0
1638	1.0
1639	2.0
1640	2.0
1641	4.0
1642	4.0
1643	1.0
1645	3.0
1646	1.0
1647	1.0
1648	3.0
1649	3.0
1651	1.0
1653	3.0
1654	4.0
1655	1.0
276905	1.0
1657	1.0
1658	2.0
1660	4.0
1661	2.0
1662	3.0
1664	3.0
1665	4.0
1666	4.0
18051	1.0
1668	3.0
9861	1.0
1671	2.0
1672	4.0
1673	2.0
1674	1.0
1676	1.0
1677	3.0
1678	1.0
1679	3.0
1680	1.0
1681	5.0
1682	1.0
1683	3.0
1684	6.0
11240	1.0
1686	3.0
1687	2.0
1688	3.0
1689	2.0
1690	2.0
1692	3.0
1693	5.0
1694	1.0
1695	3.0
1696	4.0
18032	1.0
1698	1.0
1699	2.0
1702	3.0
1703	4.0
1704	2.0
1705	1.0
1706	2.0
1707	1.0
9900	1.0
1709	1.0
1710	5.0
1711	1.0
1712	1.0
1713	6.0
1714	1.0
1715	2.0
1717	3.0
1718	1.0
1719	2.0
1721	3.0
1722	2.0
1723	4.0
1724	1.0
1725	3.0
1726	2.0
1727	1.0
1728	1.0
1729	1.0
1730	1.0
1731	2.0
1732	2.0
1733	2.0
1734	1.0
1735	5.0
393410	1.0
1737	3.0
1738	4.0
1739	4.0
1740	1.0
1741	1.0
1742	4.0
1743	2.0
34512	1.0
1745	1.0
1746	2.0
1747	3.0
1749	1.0
1750	4.0
1751	2.0
1753	2.0
1754	1.0
26331	1.0
1756	3.0
1757	2.0
1758	3.0
8485	1.0
1760	1.0
1761	2.0
1762	2.0
1764	1.0
1765	3.0
1766	2.0
1768	2.0
1769	2.0
1770	2.0
1771	1.0
1772	4.0
1773	2.0
1774	1.0
1775	1.0
1776	1.0
10469	1.0
1778	3.0
1779	4.0
1781	2.0
1782	2.0
1783	2.0
1784	1.0
1785	4.0
1787	4.0
1788	1.0
1789	4.0
1790	6.0
1792	1.0
1793	1.0
1794	3.0
1795	2.0
1797	3.0
1798	2.0
1799	1.0
1801	3.0
1802	3.0
68567	1.0
1805	2.0
1807	2.0
23471	1.0
1809	2.0
1810	1.0
1811	1.0
1812	3.0
1813	4.0
1814	2.0
1815	2.0
1816	1.0
10009	1.0
1818	4.0
1819	2.0
1820	3.0
1822	2.0
1823	3.0
1825	4.0
1826	5.0
1827	3.0
1828	1.0
1829	4.0
1830	1.0
1831	4.0
1832	4.0
1833	1.0
1834	1.0
1835	1.0
1836	4.0
1837	1.0
42798	1.0
1840	1.0
18225	1.0
1843	2.0
1844	2.0
1845	4.0
1846	1.0
1847	1.0
1850	1.0
1851	1.0
1852	1.0
1853	2.0
1854	5.0
1855	2.0
1856	2.0
1858	1.0
1859	2.0
1860	3.0
1861	1.0
1862	3.0
1863	3.0
1864	1.0
1865	3.0
1867	1.0
1868	2.0
1869	3.0
1870	2.0
1871	2.0
1872	2.0
1873	3.0
1874	3.0
1875	3.0
1876	2.0
1877	1.0
1879	2.0
1881	2.0
1882	2.0
1883	1.0
1884	3.0
1886	3.0
1887	1.0
1888	1.0
1889	2.0
18274	1.0
1891	1.0
1892	4.0
1893	1.0
1895	3.0
1897	1.0
1898	3.0
1899	1.0
1900	1.0
1901	1.0
1902	3.0
1903	1.0
1904	4.0
1905	3.0
1906	4.0
1907	1.0
1908	4.0
1909	1.0
10102	1.0
1911	2.0
1912	2.0
1914	1.0
1915	1.0
1917	2.0
1918	1.0
30357	1.0
1921	3.0
1922	2.0
1923	5.0
1924	2.0
1925	1.0
1926	1.0
37185	1.0
1928	2.0
1929	1.0
1930	1.0
1931	2.0
1932	1.0
1933	1.0
1934	1.0
1935	1.0
1936	2.0
1938	1.0
1939	3.0
1940	1.0
1941	1.0
1942	2.0
1943	1.0
1944	3.0
1945	1.0
1947	3.0
1948	1.0
1949	3.0
1950	2.0
8517	1.0
1952	1.0
1953	3.0
1954	3.0
1955	2.0
1956	3.0
8518	2.0
1959	1.0
1960	1.0
1961	3.0
17796	1.0
1963	3.0
1964	3.0
1965	1.0
18350	2.0
1967	2.0
1968	3.0
164168	1.0
1970	2.0
1971	1.0
1973	2.0
1974	1.0
1976	2.0
1977	3.0
1978	2.0
1979	1.0
1980	2.0
10215	1.0
1982	1.0
1983	2.0
1984	1.0
1985	1.0
1986	2.0
1987	3.0
1988	3.0
1989	1.0
10182	1.0
1992	1.0
1993	1.0
1995	1.0
1996	1.0
1997	2.0
1998	2.0
1999	1.0
2001	1.0
67538	1.0
2003	2.0
2004	3.0
8526	1.0
2006	1.0
2007	1.0
2009	1.0
2010	1.0
2011	2.0
2012	5.0
2013	2.0
2014	1.0
2015	1.0
2016	2.0
10209	1.0
2018	2.0
2019	1.0
2021	2.0
2022	2.0
2023	2.0
2025	1.0
73937	1.0
2027	2.0
2028	2.0
2029	3.0
2031	2.0
2033	2.0
2037	1.0
2038	2.0
2039	1.0
2040	3.0
2041	2.0
2042	2.0
9888	1.0
2044	1.0
2045	2.0
2046	1.0
98645	1.0
2048	5.0
2049	1.0
10242	1.0
2051	4.0
2053	1.0
10246	1.0
2055	2.0
2056	2.0
2057	1.0
2060	1.0
2062	4.0
2063	2.0
2064	3.0
2065	2.0
2066	2.0
2067	1.0
2068	2.0
2069	3.0
2071	1.0
2072	1.0
43033	1.0
2074	1.0
13999	1.0
2076	2.0
2077	1.0
2078	1.0
2079	1.0
2081	3.0
2083	3.0
2085	1.0
2086	1.0
18471	1.0
2088	2.0
2089	2.0
2090	1.0
2091	1.0
149548	1.0
2093	2.0
2094	2.0
2095	2.0
2096	1.0
2097	1.0
2098	1.0
2099	1.0
2100	1.0
2101	1.0
2103	2.0
10297	1.0
2106	1.0
2107	1.0
2108	3.0
2109	1.0
2110	2.0
2111	3.0
2114	1.0
2115	2.0
2116	3.0
2117	1.0
2118	7.0
2120	2.0
2122	1.0
2124	1.0
8546	1.0
2126	4.0
2127	2.0
2128	2.0
2129	1.0
2130	2.0
2131	1.0
2132	4.0
2133	2.0
2134	1.0
2135	1.0
2136	2.0
2137	1.0
2138	1.0
2139	1.0
2140	1.0
2141	2.0
2142	2.0
2143	2.0
83790	1.0
2146	4.0
2148	2.0
10341	1.0
2151	5.0
2153	1.0
2154	1.0
2155	1.0
2156	1.0
2157	3.0
2158	1.0
2159	1.0
2160	2.0
2162	1.0
2163	1.0
2164	1.0
2165	3.0
2166	2.0
2167	1.0
2168	2.0
2169	4.0
2171	3.0
2172	3.0
2173	1.0
2175	1.0
2176	2.0
2177	1.0
2178	1.0
2179	2.0
2180	3.0
2181	3.0
2183	1.0
2184	1.0
2185	1.0
2186	2.0
2187	1.0
2188	2.0
2189	1.0
2191	3.0
2193	2.0
2194	2.0
2195	3.0
2196	1.0
2197	2.0
2198	2.0
2199	1.0
2200	3.0
2201	1.0
2204	1.0
2205	1.0
2206	3.0
10399	1.0
2208	1.0
2209	1.0
2211	3.0
2212	1.0
2213	1.0
2214	1.0
8561	1.0
2216	2.0
2217	1.0
2218	3.0
2219	2.0
2220	3.0
2221	1.0
2222	1.0
2223	2.0
2224	1.0
14024	2.0
2226	2.0
2227	2.0
2228	1.0
2229	1.0
2230	2.0
2232	1.0
2234	2.0
2235	1.0
2237	2.0
2239	1.0
2240	1.0
2242	1.0
2243	1.0
2246	2.0
2247	1.0
2248	3.0
2250	1.0
2251	2.0
2253	1.0
2254	2.0
2255	2.0
10448	1.0
2257	2.0
2258	1.0
2259	1.0
2260	2.0
2261	1.0
2262	1.0
2263	1.0
2264	2.0
2265	1.0
2266	2.0
2267	1.0
2270	1.0
2271	1.0
2272	2.0
2273	1.0
2274	2.0
2275	1.0
2276	2.0
2277	2.0
2278	1.0
18129	1.0
2281	1.0
2282	1.0
2283	1.0
2284	2.0
2286	3.0
2287	1.0
9939	1.0
2292	2.0
2293	2.0
2294	1.0
2295	1.0
2296	1.0
25373	1.0
2298	1.0
2299	1.0
2300	1.0
2301	1.0
2303	4.0
2304	1.0
2306	1.0
2307	1.0
2309	2.0
24961	1.0
2314	1.0
2315	1.0
2316	1.0
2318	1.0
2319	1.0
2320	1.0
2321	2.0
2322	4.0
2325	3.0
2327	3.0
2330	1.0
2331	2.0
2333	2.0
2334	1.0
16773	1.0
9625	1.0
2338	2.0
2339	2.0
2340	1.0
35109	1.0
2342	1.0
2343	2.0
18729	1.0
2346	2.0
2347	1.0
2348	2.0
2349	1.0
2350	1.0
18019	1.0
2354	1.0
2355	3.0
2356	1.0
2357	1.0
2359	1.0
166200	1.0
2361	2.0
2362	1.0
2363	1.0
2364	1.0
41354	1.0
2366	2.0
2368	2.0
2369	1.0
2371	1.0
2372	1.0
2374	2.0
2375	2.0
2376	2.0
2378	1.0
2379	2.0
9563	1.0
2381	2.0
2382	1.0
2383	1.0
2384	2.0
2385	2.0
2387	1.0
20878	1.0
18774	1.0
2391	1.0
2392	1.0
2393	1.0
2396	1.0
2397	3.0
2398	1.0
2401	1.0
2402	2.0
2404	1.0
2406	2.0
2408	2.0
2410	2.0
2411	2.0
2413	1.0
20529	1.0
16720	1.0
2417	2.0
2419	3.0
2420	1.0
2422	1.0
2423	1.0
2424	1.0
2425	1.0
2426	2.0
2427	2.0
27005	1.0
2430	1.0
2431	1.0
2432	2.0
2433	1.0
2436	2.0
49558	1.0
2438	2.0
2439	2.0
2440	3.0
10633	1.0
2443	1.0
2444	2.0
2445	1.0
2446	2.0
67986	1.0
2451	1.0
2453	1.0
2454	1.0
8601	2.0
2456	1.0
2459	1.0
2460	2.0
2461	4.0
2462	1.0
66788	1.0
2465	1.0
2466	1.0
8527	1.0
2468	1.0
19526	1.0
72915	1.0
2471	2.0
2472	1.0
2473	2.0
155841	1.0
2475	1.0
2476	2.0
2477	2.0
2479	1.0
2482	2.0
2483	1.0
59829	1.0
2486	1.0
2487	2.0
2489	2.0
2492	1.0
2493	1.0
2494	1.0
2495	1.0
2496	2.0
2498	1.0
2499	1.0
2501	1.0
10694	1.0
2503	1.0
2505	2.0
2506	1.0
2508	1.0
2509	2.0
2510	2.0
9976	2.0
2515	1.0
2516	2.0
2517	1.0
2518	1.0
2519	2.0
2523	2.0
2524	1.0
2525	1.0
2526	1.0
24997	1.0
2528	1.0
9564	1.0
2531	1.0
2532	3.0
2534	2.0
27111	1.0
27112	1.0
2538	1.0
8615	1.0
34455	1.0
35922	1.0
2542	2.0
27119	1.0
14542	1.0
2545	1.0
2546	2.0
2547	2.0
2548	1.0
2549	2.0
2550	3.0
2551	1.0
2552	2.0
2554	1.0
186111	1.0
2557	1.0
2558	1.0
2559	1.0
2560	1.0
156102	1.0
2562	2.0
2563	2.0
2564	1.0
19180	1.0
2567	3.0
10760	1.0
68105	1.0
2571	1.0
2573	1.0
2575	2.0
2576	2.0
2577	1.0
10770	1.0
2579	2.0
2581	2.0
2583	1.0
76313	1.0
2586	1.0
10780	1.0
92702	1.0
18976	1.0
49867	1.0
2595	2.0
2596	1.0
2597	4.0
29041	1.0
2601	1.0
2602	2.0
2603	2.0
2604	2.0
2605	1.0
2607	1.0
2608	1.0
2611	1.0
2613	3.0
2616	4.0
2617	2.0
2618	2.0
2619	2.0
2620	2.0
2621	1.0
2622	1.0
2623	3.0
2624	2.0
174657	1.0
2626	3.0
117316	1.0
2629	1.0
2630	1.0
2632	2.0
2633	1.0
2634	1.0
2635	1.0
2636	1.0
363618	1.0
2639	1.0
2640	2.0
9878	2.0
2642	1.0
2643	1.0
2644	2.0
2649	2.0
2652	1.0
2654	1.0
2655	1.0
2656	2.0
2657	2.0
10850	1.0
8635	1.0
2660	1.0
2661	1.0
113566	1.0
2663	2.0
50532	1.0
2665	1.0
74831	1.0
2670	1.0
2671	2.0
2672	1.0
2673	1.0
2674	1.0
2676	1.0
2682	1.0
2683	1.0
2685	2.0
2686	1.0
2687	3.0
10880	1.0
2690	2.0
35459	1.0
109191	1.0
2696	3.0
2697	1.0
2699	1.0
125883	1.0
2701	1.0
2702	1.0
2705	1.0
2706	2.0
20931	1.0
2709	2.0
2710	1.0
2711	2.0
2714	1.0
248943	1.0
2717	2.0
10910	1.0
2719	2.0
2721	1.0
10914	1.0
2723	2.0
2724	1.0
2725	3.0
2726	3.0
2728	1.0
2729	1.0
2730	2.0
2731	1.0
2732	1.0
2735	1.0
2736	1.0
2739	1.0
2740	1.0
50086	1.0
2743	2.0
19128	1.0
2747	1.0
2748	2.0
35518	1.0
19135	1.0
2752	3.0
17004	1.0
16843	1.0
10948	1.0
2757	1.0
30053	1.0
2761	1.0
2762	1.0
2763	2.0
53830	1.0
2765	2.0
42646	1.0
2767	1.0
2768	1.0
10962	1.0
2772	2.0
2773	3.0
97401	1.0
2776	3.0
2777	1.0
2778	2.0
2780	2.0
2782	2.0
2783	2.0
8276	1.0
2786	3.0
2787	2.0
2791	2.0
2792	1.0
2793	1.0
2795	1.0
2796	2.0
29138	1.0
10990	1.0
10991	1.0
64600	1.0
2804	1.0
2805	1.0
2806	3.0
2807	2.0
11000	1.0
2809	1.0
10026	1.0
2814	1.0
2815	2.0
2816	1.0
2817	1.0
2818	1.0
2819	1.0
2820	1.0
2822	1.0
2823	1.0
2825	2.0
2826	2.0
2827	3.0
2828	2.0
2829	2.0
2831	1.0
2832	1.0
2833	2.0
27410	1.0
2835	1.0
11029	2.0
2839	1.0
2840	1.0
2841	1.0
2845	1.0
19230	1.0
2847	1.0
2849	1.0
11042	1.0
11043	1.0
2852	1.0
2853	2.0
2854	1.0
2855	2.0
2857	1.0
2858	1.0
2859	1.0
2860	2.0
51960	1.0
2864	1.0
2865	1.0
2867	1.0
11060	1.0
92981	1.0
2870	2.0
2872	3.0
11065	1.0
2875	1.0
2878	1.0
2879	1.0
2882	2.0
2883	3.0
22464	1.0
2885	1.0
36408	1.0
2888	2.0
2891	2.0
2894	2.0
2895	1.0
2896	2.0
2897	1.0
14137	1.0
8198	2.0
2905	1.0
11098	1.0
2907	1.0
2908	2.0
2909	3.0
8553	1.0
2914	3.0
11107	1.0
2916	2.0
2917	1.0
12645	1.0
12628	1.0
2924	1.0
2925	1.0
2927	3.0
2928	1.0
2930	1.0
2931	1.0
9894	2.0
2935	3.0
2936	2.0
2940	1.0
2942	2.0
2944	1.0
2945	2.0
2946	1.0
2947	1.0
2948	3.0
19333	1.0
101603	2.0
2952	2.0
2953	2.0
2954	3.0
2955	1.0
12879	1.0
16738	1.0
2958	2.0
2959	4.0
2960	1.0
2961	1.0
2962	1.0
2963	1.0
2965	1.0
2966	2.0
48281	1.0
8203	1.0
2970	1.0
2971	2.0
2973	1.0
2976	1.0
2977	1.0
2978	2.0
2979	2.0
2980	1.0
2981	3.0
2982	4.0
2983	1.0
2985	1.0
2986	2.0
2987	3.0
2988	1.0
2989	1.0
2991	4.0
2992	2.0
2994	1.0
2995	3.0
2996	2.0
2997	3.0
2998	3.0
2999	1.0
3000	1.0
3001	1.0
3002	3.0
3003	2.0
3004	1.0
3005	3.0
3006	1.0
8693	1.0
3008	2.0
3009	6.0
3010	2.0
3011	3.0
3012	2.0
3013	3.0
3015	2.0
3016	1.0
3017	2.0
3018	1.0
3019	2.0
3020	1.0
84941	1.0
3022	2.0
3023	2.0
3024	5.0
3025	5.0
3026	2.0
3027	1.0
3028	2.0
3029	1.0
52012	1.0
3031	1.0
3032	1.0
3033	2.0
3036	1.0
3037	2.0
3038	2.0
3039	2.0
3040	2.0
3041	2.0
3042	1.0
3043	1.0
11236	1.0
3045	2.0
3046	1.0
3047	2.0
3048	2.0
3050	1.0
3052	1.0
3053	2.0
3054	3.0
3055	2.0
3056	2.0
34745	1.0
3062	1.0
3063	1.0
3065	3.0
27643	1.0
3068	2.0
3069	1.0
3071	1.0
3073	1.0
3074	1.0
3075	1.0
19460	1.0
19461	1.0
3078	1.0
3079	2.0
3081	1.0
3082	1.0
3083	2.0
16709	1.0
3085	2.0
3086	1.0
3088	1.0
27665	1.0
3091	3.0
11285	1.0
3094	1.0
3095	1.0
3096	1.0
3097	3.0
3098	1.0
19483	1.0
3100	1.0
3101	1.0
3102	1.0
3104	1.0
44065	1.0
11298	1.0
3107	1.0
3108	1.0
3109	1.0
3110	1.0
3111	2.0
3112	1.0
84037	1.0
3114	1.0
8711	1.0
19500	1.0
3119	1.0
3121	1.0
3122	1.0
3123	2.0
3124	3.0
3125	1.0
3126	1.0
322615	1.0
3128	3.0
3129	2.0
3131	1.0
3136	2.0
14289	1.0
3139	1.0
3140	1.0
3142	2.0
3143	2.0
3145	2.0
8733	1.0
3148	2.0
3149	3.0
117838	1.0
3152	2.0
3153	1.0
3154	2.0
13744	1.0
3156	1.0
3157	1.0
9595	1.0
3160	1.0
42852	1.0
3162	2.0
8719	1.0
19549	1.0
3168	1.0
3169	2.0
3170	1.0
3171	3.0
3172	2.0
3174	2.0
33297	1.0
27752	1.0
3178	1.0
3180	1.0
3181	1.0
3183	2.0
3186	1.0
3190	2.0
85111	1.0
3195	2.0
19580	1.0
276435	1.0
11391	1.0
3200	2.0
3202	2.0
3205	1.0
3206	1.0
3208	2.0
3209	1.0
11018	1.0
18575	1.0
60558	1.0
11407	1.0
3217	1.0
3218	2.0
3219	3.0
3220	1.0
3221	1.0
3224	1.0
314521	1.0
3226	1.0
3227	1.0
20566	1.0
22062	1.0
3230	2.0
3231	1.0
3233	1.0
3235	1.0
3236	2.0
11429	2.0
19622	1.0
19748	1.0
3244	1.0
3246	1.0
3247	1.0
66148	1.0
16475	1.0
3252	1.0
8734	1.0
3254	2.0
3255	2.0
3257	1.0
3258	2.0
3259	1.0
3262	1.0
11455	1.0
3264	1.0
8736	1.0
3266	1.0
3268	3.0
3269	1.0
3270	1.0
27847	1.0
3272	1.0
11468	1.0
11466	1.0
3275	1.0
11293	1.0
3277	2.0
3278	1.0
3279	2.0
11472	1.0
3281	1.0
3282	1.0
3284	1.0
3285	1.0
3287	1.0
36059	1.0
3292	1.0
3293	1.0
77022	1.0
3295	1.0
237869	1.0
36067	1.0
158949	1.0
3302	2.0
3303	4.0
3304	2.0
3305	3.0
3307	2.0
3308	1.0
3309	2.0
3310	1.0
10109	1.0
3312	1.0
3315	1.0
3316	1.0
3318	1.0
3319	1.0
3321	2.0
3323	2.0
3324	2.0
3326	1.0
3327	1.0
3328	1.0
3329	1.0
3330	1.0
123435	1.0
3332	1.0
3334	1.0
3335	2.0
8515	1.0
3338	1.0
11531	1.0
11534	1.0
3343	1.0
3344	1.0
3345	1.0
15942	1.0
18307	1.0
11540	2.0
214155	1.0
3351	1.0
3353	1.0
27930	1.0
3355	1.0
3356	1.0
3357	1.0
3359	1.0
11553	1.0
3362	1.0
3363	2.0
10988	1.0
18310	1.0
3366	1.0
118056	1.0
3370	2.0
3372	3.0
3373	1.0
3377	1.0
41976	1.0
3380	1.0
3383	2.0
3387	1.0
27846	1.0
3389	2.0
151507	1.0
3391	1.0
3392	1.0
11585	1.0
3394	1.0
3395	2.0
3396	1.0
3397	1.0
3399	2.0
3401	1.0
3403	1.0
3404	2.0
3405	1.0
3406	1.0
3408	1.0
3409	1.0
49487	1.0
52451	1.0
3412	1.0
3413	2.0
3414	2.0
3417	1.0
109914	1.0
44379	1.0
42395	1.0
3422	1.0
3423	1.0
3426	1.0
3429	1.0
3431	1.0
3432	1.0
3433	1.0
3434	1.0
3435	1.0
3436	1.0
52589	1.0
3438	1.0
3442	1.0
3443	1.0
3444	1.0
8766	1.0
3446	1.0
11640	1.0
3450	1.0
8767	1.0
36221	1.0
28031	1.0
3456	2.0
3459	2.0
36228	1.0
3461	1.0
3462	1.0
3465	2.0
3467	1.0
3471	1.0
11664	1.0
3473	1.0
3477	1.0
11670	1.0
16708	1.0
3480	1.0
33668	1.0
3485	1.0
3488	1.0
3489	1.0
3491	1.0
29254	1.0
3494	1.0
3496	1.0
3498	1.0
37447	1.0
3500	1.0
3501	1.0
36271	1.0
24662	1.0
123687	1.0
3507	1.0
28084	1.0
3509	2.0
12873	1.0
3513	1.0
35033	1.0
18335	1.0
3516	2.0
19902	1.0
44479	1.0
3521	1.0
3525	3.0
16757	1.0
3530	1.0
3531	1.0
3532	1.0
11726	1.0
11729	1.0
3539	3.0
3540	2.0
3542	2.0
19927	1.0
3544	1.0
11739	1.0
3550	1.0
3552	1.0
3553	1.0
3555	1.0
3556	1.0
3557	1.0
3558	2.0
16977	1.0
3560	1.0
3561	1.0
3562	1.0
28140	1.0
9666	1.0
3570	1.0
3575	1.0
3580	3.0
41527	1.0
3583	1.0
3584	1.0
28161	1.0
3587	2.0
3588	1.0
3591	1.0
3594	1.0
3596	1.0
101902	1.0
28175	1.0
3601	1.0
11794	1.0
3604	2.0
44206	1.0
462358	1.0
11802	1.0
3611	1.0
11804	1.0
28190	1.0
3615	1.0
3616	1.0
3617	1.0
11817	1.0
3626	1.0
40199	1.0
3628	1.0
3631	1.0
3632	1.0
11528	2.0
3634	1.0
3635	1.0
3636	2.0
17482	1.0
3639	2.0
3640	1.0
3643	1.0
11836	1.0
3646	1.0
30645	1.0
8800	1.0
3650	1.0
11844	1.0
10166	1.0
3655	1.0
3656	1.0
3658	1.0
3660	1.0
3661	1.0
3662	1.0
3664	1.0
11283	1.0
3667	1.0
3668	1.0
3670	1.0
3671	2.0
3673	1.0
15190994519	1.0
161600	1.0
3676	1.0
10488	1.0
20062	1.0
3679	1.0
3680	1.0
3681	1.0
3683	1.0
192707	1.0
3687	1.0
36457	2.0
3693	2.0
77423	1.0
11890	1.0
3699	1.0
11892	1.0
3705	1.0
3707	1.0
115306	1.0
68319	1.0
3712	2.0
3713	1.0
3719	1.0
3720	1.0
3721	2.0
3722	1.0
3723	1.0
3724	1.0
18370	1.0
3728	1.0
3729	1.0
11924	1.0
36501	1.0
3734	1.0
3736	1.0
11854	1.0
28318	1.0
3744	1.0
3745	2.0
3747	1.0
3750	2.0
3752	1.0
19740	1.0
3755	1.0
3759	1.0
3760	2.0
3763	1.0
3765	3.0
3766	1.0
49180	1.0
11960	1.0
3770	1.0
3772	1.0
3774	3.0
3775	2.0
18402	1.0
3779	1.0
11972	1.0
3782	1.0
3783	2.0
11976	1.0
11979	1.0
27938	1.0
11982	1.0
3791	2.0
11988	1.0
51150	1.0
11990	1.0
74361	1.0
3801	1.0
3802	1.0
3804	1.0
74362	1.0
3806	1.0
306911	1.0
12000	1.0
3809	1.0
8827	1.0
25699	1.0
3813	1.0
12006	1.0
3815	1.0
3816	2.0
33404	1.0
3818	1.0
3821	1.0
3823	1.0
10493	1.0
3828	1.0
3829	1.0
20214	1.0
3831	3.0
3832	3.0
3833	1.0
60958	1.0
12027	1.0
3837	1.0
10197	1.0
3840	1.0
3841	1.0
3843	1.0
3844	1.0
3846	1.0
28423	2.0
3850	1.0
8217	1.0
3852	1.0
3854	1.0
3855	1.0
3856	1.0
3859	1.0
3861	1.0
3862	1.0
12057	1.0
3867	1.0
12060	1.0
8209	1.0
8585	1.0
3874	1.0
8838	2.0
12070	1.0
3888	1.0
3890	2.0
61235	1.0
3892	1.0
18398	1.0
345745	1.0
20281	1.0
3901	1.0
3902	1.0
12405	1.0
8243	1.0
3914	2.0
3915	1.0
3917	1.0
3918	1.0
3919	1.0
3920	1.0
51405	1.0
82574	1.0
3926	1.0
19968	1.0
3930	1.0
3931	1.0
3932	1.0
3935	2.0
3937	1.0
12131	1.0
53092	1.0
3941	1.0
8849	1.0
175976	1.0
3946	1.0
3947	1.0
9628	1.0
21138	1.0
28526	1.0
135023	1.0
3953	1.0
8851	1.0
12148	1.0
3957	2.0
3958	3.0
12151	1.0
3962	1.0
3963	1.0
42587	1.0
26319	1.0
3968	1.0
12161	1.0
20354	1.0
3972	1.0
17046	2.0
43174	1.0
3975	1.0
10220	1.0
3979	1.0
9407	1.0
40998	1.0
3985	1.0
3987	1.0
3992	1.0
3994	1.0
9953	1.0
3999	1.0
4000	1.0
4001	1.0
4002	2.0
4003	1.0
4007	2.0
4009	1.0
4011	1.0
184236	1.0
307117	1.0
4014	1.0
8317	1.0
4022	1.0
4025	2.0
135926	1.0
15191372444	1.0
4029	1.0
4033	1.0
4034	1.0
11595	1.0
25503	1.0
4037	1.0
12961	1.0
20424	1.0
4041	1.0
94518	1.0
4045	1.0
4046	3.0
4047	1.0
12241	1.0
4050	1.0
4051	1.0
41086	1.0
4058	2.0
4059	1.0
4060	1.0
41598	1.0
12254	1.0
4063	1.0
4064	1.0
4065	1.0
4066	2.0
28643	1.0
102156	1.0
20188	1.0
4072	1.0
4077	1.0
4078	1.0
4079	1.0
77809	1.0
4083	1.0
86004	1.0
134041	1.0
4089	1.0
28671	1.0
4097	1.0
4098	1.0
4104	1.0
4105	1.0
4106	1.0
4107	1.0
20492	1.0
84972	1.0
4110	1.0
4111	1.0
12306	1.0
4115	1.0
53268	1.0
110613	2.0
9029	1.0
4122	2.0
4123	1.0
12318	1.0
10245	1.0
4128	1.0
8880	1.0
4130	1.0
4132	1.0
4133	2.0
4139	1.0
11049	1.0
4144	1.0
4145	1.0
26325	1.0
4147	1.0
27998	1.0
2568253495	1.0
4153	2.0
28730	1.0
27999	1.0
105757	1.0
266306	1.0
4164	1.0
17078	1.0
489178	1.0
10252	1.0
61514	1.0
16706	1.0
4174	1.0
4175	1.0
13778	1.0
30145	1.0
118867	1.0
266325	1.0
10066	1.0
4183	1.0
4185	2.0
10255	1.0
12380	1.0
376852	1.0
4191	1.0
20579	1.0
4196	1.0
4197	1.0
9687	1.0
4199	1.0
17084	1.0
4203	1.0
4204	1.0
4205	1.0
4206	1.0
12402	1.0
12303	1.0
4214	1.0
421225	1.0
4219	1.0
192636	1.0
37017	1.0
20606	1.0
4223	1.0
36992	1.0
4225	1.0
4226	2.0
36995	1.0
4228	1.0
4230	1.0
16586	1.0
4232	1.0
4235	2.0
4242	1.0
26601	1.0
15417	1.0
94358	1.0
26874	1.0
28826	1.0
4251	1.0
4252	1.0
20638	1.0
45216	1.0
37240	1.0
9689	1.0
4260	1.0
4261	1.0
126052	1.0
4266	1.0
4268	1.0
4269	1.0
4271	2.0
45232	1.0
4274	1.0
12468	1.0
4277	1.0
4279	1.0
11636	1.0
4282	1.0
28860	1.0
12477	1.0
4286	1.0
4291	1.0
4296	1.0
4299	1.0
11267	1.0
102605	1.0
8909	1.0
21399	1.0
4305	1.0
12499	1.0
4308	1.0
4309	2.0
4311	1.0
43956	1.0
45278	1.0
17104	1.0
27422	1.0
4323	1.0
4324	1.0
20711	1.0
4328	1.0
12521	1.0
4330	2.0
26663	1.0
4334	1.0
58067	1.0
4340	1.0
4345	1.0
8328	1.0
4347	2.0
9692	1.0
69887	1.0
13053	1.0
4356	1.0
56705	1.0
4361	1.0
35408	1.0
4364	1.0
95747	1.0
35607	1.0
49675	1.0
4370	1.0
4372	1.0
26018	1.0
71727	1.0
22701	1.0
4383	2.0
20771	1.0
28965	1.0
61734	1.0
4391	2.0
299305	1.0
63462	1.0
4395	1.0
10290	1.0
4398	1.0
8925	1.0
10122	1.0
30771	1.0
45364	1.0
8926	2.0
4406	1.0
9694	1.0
4412	1.0
12422	1.0
34869	1.0
8928	1.0
4419	1.0
17760	1.0
291144	1.0
4428	1.0
4431	1.0
12624	1.0
4435	1.0
8331	1.0
4437	1.0
4438	1.0
4442	2.0
4443	1.0
9968	1.0
124052	1.0
8933	1.0
18491	1.0
4452	1.0
8934	1.0
11665	1.0
4456	1.0
20841	1.0
4458	1.0
474917	1.0
18152	1.0
4464	1.0
4465	1.0
12659	2.0
9195	1.0
4469	1.0
61814	1.0
8605	1.0
33701	1.0
4474	2.0
4476	1.0
4478	1.0
20276	1.0
46397	1.0
4482	1.0
20871	1.0
4488	1.0
97958	1.0
4492	1.0
4494	1.0
29071	1.0
8359	1.0
4497	2.0
9697	1.0
16700	1.0
4503	1.0
4505	1.0
4506	1.0
53999	1.0
37277	1.0
12702	1.0
4511	1.0
66709	1.0
8944	1.0
4516	1.0
29093	1.0
12710	1.0
12712	1.0
4525	1.0
61870	1.0
12719	1.0
4529	1.0
11062	1.0
4533	1.0
4536	1.0
12730	1.0
29116	2.0
4541	2.0
4543	1.0
12739	1.0
4549	1.0
4552	1.0
33527	1.0
4557	1.0
4558	1.0
4561	1.0
12754	1.0
4564	1.0
4567	1.0
4571	1.0
94684	1.0
48549	1.0
4576	1.0
12769	1.0
4578	1.0
4580	1.0
10321	1.0
4584	2.0
4588	1.0
4589	2.0
4590	1.0
12783	1.0
4592	3.0
37361	1.0
4594	2.0
4595	1.0
4598	2.0
4599	2.0
4601	1.0
19882	1.0
4609	1.0
4611	1.0
4613	1.0
8337	1.0
192833	1.0
12814	1.0
58115	1.0
4628	2.0
8964	1.0
4634	2.0
12827	1.0
4637	3.0
4638	1.0
4639	1.0
4640	1.0
86561	1.0
18523	1.0
4644	1.0
4645	1.0
25942	1.0
4650	2.0
8967	1.0
4656	1.0
12849	1.0
4658	1.0
4661	1.0
9604	1.0
10335	1.0
4668	1.0
12862	1.0
21055	1.0
4672	1.0
29249	1.0
12867	1.0
20887	2.0
4677	1.0
4678	1.0
9703	1.0
4681	1.0
4683	2.0
8760	1.0
4686	1.0
8973	1.0
111188	1.0
4693	1.0
53847	1.0
8975	1.0
15705	1.0
4703	1.0
13072	1.0
4706	1.0
4709	1.0
8977	1.0
51303	2.0
4718	1.0
4719	1.0
4722	1.0
4723	1.0
12917	1.0
4728	1.0
4729	1.0
152186	1.0
10397	1.0
12926	1.0
4737	2.0
4739	1.0
27436	1.0
321644	1.0
4746	1.0
21131	1.0
17475	1.0
4751	1.0
96960	1.0
4754	1.0
4763	1.0
42594	1.0
4769	1.0
4771	1.0
94885	1.0
78502	1.0
4780	1.0
4781	1.0
12974	1.0
4783	1.0
12978	1.0
4787	1.0
17326	1.0
4791	1.0
4792	1.0
4794	1.0
4797	1.0
10452	1.0
48587	1.0
4804	1.0
26742	2.0
4806	1.0
111308	2.0
4819	2.0
31109	1.0
4827	1.0
4829	1.0
13022	1.0
21217	1.0
4834	2.0
17190	1.0
4838	2.0
13031	1.0
4843	1.0
4847	1.0
9634	1.0
4854	2.0
207749	1.0
4857	1.0
13051	1.0
4860	1.0
4861	1.0
13060	1.0
13062	1.0
13067	1.0
10370	1.0
4878	1.0
4880	1.0
13074	1.0
10371	1.0
4884	1.0
4886	1.0
4888	1.0
21276	1.0
13088	1.0
4897	1.0
21285	1.0
4906	1.0
4907	1.0
17202	1.0
18568	1.0
4914	1.0
14621	2.0
72865	1.0
4918	1.0
76684	1.0
11744	1.0
4930	1.0
4931	1.0
4932	1.0
13125	1.0
17895	1.0
9089	1.0
56903	1.0
21323	1.0
4940	1.0
25866	1.0
54094	2.0
4943	3.0
4946	1.0
11747	1.0
4949	1.0
49977	1.0
13144	1.0
10383	1.0
22533	1.0
4957	1.0
11749	1.0
42423	1.0
9167	1.0
9020	1.0
4970	1.0
4971	1.0
4972	1.0
13166	1.0
4976	1.0
54132	1.0
4981	1.0
4984	2.0
10388	1.0
4988	2.0
4997	1.0
5002	2.0
5006	1.0
13201	1.0
5012	1.0
5013	1.0
5015	1.0
61543	1.0
5023	1.0
44528	1.0
5027	1.0
316325	1.0
20626	1.0
5034	1.0
5035	1.0
37806	1.0
9715	1.0
5043	3.0
5046	1.0
5048	2.0
21436	1.0
5053	2.0
5056	1.0
5057	1.0
13250	1.0
194401	1.0
5061	1.0
10401	1.0
5066	1.0
8352	1.0
5068	1.0
5069	1.0
5070	1.0
5071	1.0
5072	1.0
5074	1.0
5076	1.0
66382	1.0
33994	1.0
21465	1.0
5082	1.0
58191	1.0
5084	1.0
226269	1.0
5088	1.0
5091	1.0
5092	1.0
5093	1.0
5096	1.0
141479	2.0
5100	1.0
8626	1.0
5104	1.0
5106	1.0
5107	1.0
82823	1.0
5111	1.0
13304	1.0
5113	1.0
5116	1.0
5118	1.0
5119	1.0
5121	1.0
5122	1.0
5126	1.0
5127	3.0
54281	1.0
11218	1.0
13324	1.0
18720	1.0
13330	1.0
13331	1.0
5140	1.0
5142	1.0
5144	1.0
21530	1.0
5149	1.0
5150	1.0
5151	1.0
5153	1.0
13349	1.0
5159	1.0
5160	1.0
107356	1.0
294407	1.0
21341	1.0
5168	1.0
10419	1.0
5179	1.0
5181	1.0
5184	1.0
21569	1.0
13378	1.0
13379	1.0
5189	2.0
5191	1.0
37960	1.0
13385	1.0
5194	1.0
24989	1.0
5197	1.0
8902	1.0
5201	1.0
5202	1.0
9059	1.0
5205	1.0
34271	2.0
5209	1.0
5211	2.0
55821	1.0
5215	1.0
52275	1.0
5220	1.0
17254	1.0
5222	1.0
13416	1.0
5227	1.0
42643	1.0
12931	1.0
5232	1.0
21619	1.0
29814	1.0
16814	1.0
5241	1.0
5243	1.0
5244	1.0
70781	1.0
5247	1.0
5250	1.0
9067	1.0
5252	1.0
103557	1.0
5254	1.0
210055	1.0
13449	1.0
191555	1.0
5260	1.0
5261	1.0
95376	1.0
13457	1.0
11328	1.0
5271	1.0
16620	1.0
54427	1.0
5277	1.0
286994	1.0
21360	1.0
5285	1.0
5286	1.0
122928	1.0
17493	1.0
122915	1.0
5292	1.0
5293	1.0
76828	1.0
46256	1.0
13493	1.0
13494	1.0
88265	1.0
5305	1.0
5309	1.0
25461	1.0
139023	1.0
13505	1.0
21698	1.0
5315	1.0
5316	1.0
5317	1.0
185544	1.0
5321	1.0
255657	1.0
13519	1.0
54482	1.0
13523	1.0
13525	1.0
5334	1.0
5335	1.0
13530	1.0
5339	2.0
5340	2.0
8354	1.0
79070	1.0
5346	1.0
13729	1.0
5348	1.0
65062	1.0
143409	1.0
9084	1.0
21738	1.0
5356	1.0
18642	1.0
13550	1.0
108473	1.0
8362	1.0
8219	1.0
13562	1.0
13566	1.0
5375	2.0
13569	1.0
5378	1.0
5379	1.0
5380	1.0
5382	1.0
5383	2.0
5390	1.0
5391	1.0
171717	1.0
34550	1.0
5396	1.0
5399	1.0
5401	2.0
46362	1.0
8636	1.0
5405	1.0
5406	1.0
5407	1.0
5410	1.0
5411	1.0
36401	1.0
83234	1.0
5418	1.0
5419	1.0
141009	1.0
111922	1.0
79155	1.0
10462	2.0
5430	1.0
810072	1.0
67558	1.0
5437	1.0
98619	2.0
18656	1.0
66443	1.0
5445	1.0
13642	1.0
5453	1.0
5454	1.0
9101	1.0
5457	1.0
13651	1.0
9102	1.0
10468	1.0
5467	2.0
5468	1.0
5469	1.0
27733	1.0
5471	1.0
13665	1.0
5474	1.0
5477	1.0
5482	1.0
185707	2.0
5484	1.0
42305	1.0
21873	1.0
41875	1.0
13684	1.0
5495	1.0
5496	1.0
38265	1.0
5498	1.0
5500	1.0
5501	1.0
5502	1.0
26026	1.0
5508	1.0
5511	1.0
84204	1.0
5515	1.0
5516	1.0
5517	1.0
13710	1.0
13712	1.0
5523	1.0
59631	1.0
41647	1.0
5534	1.0
5537	1.0
46500	1.0
13733	1.0
5542	1.0
13736	1.0
41884	1.0
17097	1.0
8368	1.0
5549	1.0
5552	1.0
5555	1.0
21943	1.0
5560	1.0
26868	1.0
5563	2.0
5565	1.0
5568	1.0
13761	1.0
5570	1.0
13764	1.0
10486	1.0
27299	1.0
38648	1.0
5582	1.0
5583	1.0
5585	1.0
5586	2.0
13779	1.0
5589	1.0
5590	1.0
46553	1.0
13828	1.0
169436	1.0
5597	1.0
5599	1.0
30738	1.0
5605	1.0
10492	1.0
5612	1.0
5614	1.0
5615	1.0
5618	1.0
5619	1.0
19241	1.0
24994	1.0
5623	1.0
5625	1.0
13690	2.0
30206	1.0
5635	2.0
5636	1.0
345004	1.0
13838	1.0
5650	1.0
13845	1.0
58018	1.0
5658	1.0
13851	1.0
5668	1.0
31013	1.0
5671	1.0
71208	1.0
22057	1.0
5678	1.0
115533	1.0
5684	1.0
9585	1.0
22074	1.0
38775	1.0
13884	1.0
5695	1.0
5696	1.0
13889	1.0
5700	2.0
5702	1.0
20065	1.0
26892	1.0
9143	1.0
5710	1.0
17336	1.0
28259	1.0
22100	1.0
13909	1.0
13912	1.0
5721	1.0
54877	1.0
13918	1.0
38495	1.0
5729	1.0
58118	1.0
5732	1.0
5733	1.0
13927	1.0
74776	1.0
30317	1.0
13935	1.0
189775	1.0
5748	1.0
263102	1.0
11921	1.0
9640	1.0
34562	1.0
5756	1.0
27589	1.0
28903	1.0
10517	1.0
5760	1.0
19832	1.0
13955	1.0
5764	1.0
5771	1.0
27686	1.0
5775	1.0
13970	1.0
5781	1.0
5782	1.0
9913	1.0
101240	1.0
5786	2.0
8376	1.0
5788	1.0
132324	1.0
63134	1.0
22177	1.0
71331	1.0
30372	1.0
5797	1.0
13992	1.0
9159	1.0
5805	2.0
5807	1.0
5811	2.0
14006	1.0
28276	1.0
5822	1.0
14015	1.0
5825	1.0
53932	1.0
161479	1.0
5832	3.0
14025	1.0
30416	1.0
233829	1.0
25550	1.0
14038	1.0
11897	1.0
5848	1.0
14041	1.0
22234	2.0
5851	1.0
5852	1.0
8495	1.0
5855	1.0
22243	1.0
36063	1.0
9169	1.0
5865	1.0
55273	1.0
71404	1.0
5869	1.0
10561	1.0
5874	2.0
5877	1.0
14633	1.0
5880	1.0
5882	1.0
5883	1.0
5885	1.0
5887	1.0
5889	1.0
5899	1.0
45322	1.0
194321	1.0
46866	1.0
319107	1.0
380144	1.0
5910	1.0
5911	1.0
5912	1.0
22299	1.0
21466	1.0
14110	1.0
5920	1.0
22306	1.0
17371	1.0
22308	1.0
13276	1.0
5932	1.0
16531	1.0
5939	1.0
5942	1.0
20105	2.0
5945	1.0
5946	1.0
9183	1.0
10549	1.0
104256	1.0
5953	1.0
9314	1.0
13817	2.0
26772	1.0
5962	1.0
5963	1.0
55116	1.0
38735	1.0
73850	1.0
38742	1.0
12474	1.0
5976	1.0
186204	1.0
18746	1.0
150967	1.0
69264	1.0
55138	1.0
10555	1.0
55140	1.0
5991	2.0
5992	2.0
34301	1.0
5995	2.0
5997	2.0
5998	1.0
6002	1.0
17385	1.0
6004	1.0
6005	1.0
6006	1.0
6007	1.0
6008	2.0
14201	1.0
6010	1.0
6011	1.0
46972	1.0
87935	1.0
125488	1.0
6017	1.0
6019	2.0
6021	2.0
6023	1.0
17607	1.0
8384	1.0
41118	1.0
99309	1.0
89840	1.0
6037	1.0
49029	1.0
26948	1.0
12749	1.0
70141	1.0
6047	1.0
9200	1.0
6050	1.0
63395	1.0
426942	1.0
6053	1.0
14249	1.0
6058	1.0
14252	1.0
17394	1.0
30638	1.0
83206	1.0
16425	1.0
6065	1.0
6066	1.0
22451	1.0
6069	1.0
38838	1.0
6073	1.0
6078	1.0
6079	1.0
6080	1.0
20128	1.0
208545	1.0
6088	1.0
6089	2.0
26391	1.0
202700	1.0
6095	1.0
8462	1.0
14290	1.0
14291	1.0
14292	1.0
30677	1.0
341976	1.0
9315	1.0
26959	1.0
30684	1.0
6109	1.0
6114	1.0
9211	1.0
6117	1.0
6118	1.0
6119	1.0
54268	1.0
6122	2.0
6125	1.0
6128	1.0
6129	1.0
22514	1.0
6131	1.0
259070	1.0
14676	1.0
6139	1.0
170856	1.0
14334	1.0
215381	1.0
6146	1.0
6147	2.0
6149	1.0
26119	1.0
6153	1.0
6154	2.0
19107	1.0
6156	1.0
30733	1.0
6158	1.0
38928	1.0
14353	1.0
6162	1.0
42431	1.0
6164	1.0
10585	1.0
22553	1.0
6174	2.0
8389	1.0
13318	1.0
6183	1.0
6184	1.0
6188	1.0
30766	1.0
16484	1.0
14385	1.0
28339	1.0
6199	2.0
33620	1.0
6201	1.0
22588	1.0
6207	1.0
33486	1.0
6209	1.0
9754	1.0
25611	1.0
38982	1.0
6217	1.0
286952	1.0
14411	1.0
6220	1.0
6221	1.0
6223	1.0
14416	1.0
6226	1.0
6230	1.0
17831	1.0
6232	1.0
22617	1.0
8443	1.0
8391	1.0
16059	1.0
6251	1.0
9234	1.0
6255	1.0
6257	1.0
6258	1.0
14457	1.0
120955	1.0
14461	1.0
14463	1.0
6274	1.0
395627	1.0
22660	1.0
6277	1.0
22662	1.0
6279	1.0
9239	2.0
6284	1.0
6285	1.0
6286	1.0
6287	1.0
6289	1.0
45764	1.0
6294	1.0
24592	1.0
75458	1.0
36548	1.0
9757	1.0
14495	1.0
92528	1.0
39074	1.0
6308	1.0
14504	1.0
9244	1.0
6315	2.0
14509	1.0
63662	1.0
81608	1.0
6322	1.0
14518	1.0
6327	1.0
8394	1.0
16877	1.0
39100	1.0
6334	1.0
6336	1.0
143051	1.0
25307	1.0
6343	1.0
293064	1.0
6345	2.0
9250	1.0
10577	1.0
194767	1.0
29557	1.0
14546	1.0
248329	1.0
14550	1.0
9252	1.0
47323	1.0
17499	1.0
14560	1.0
9044	1.0
6370	1.0
55675	1.0
6372	1.0
9254	1.0
22758	1.0
6377	1.0
6380	1.0
125513	1.0
6384	1.0
9760	1.0
42494	1.0
6395	2.0
6396	2.0
6399	1.0
149194	1.0
15216	1.0
99371	1.0
33836	1.0
28310	1.0
6415	1.0
10681	1.0
17454	1.0
14617	1.0
6427	1.0
6429	1.0
104734	1.0
14623	1.0
42032	1.0
47396	1.0
10996	1.0
6438	1.0
14631	1.0
6441	1.0
22826	1.0
6446	1.0
205774	1.0
334133	1.0
22838	1.0
47415	1.0
6456	1.0
62346	1.0
174796	1.0
42038	1.0
6470	1.0
6471	1.0
6475	1.0
88396	1.0
14673	1.0
14674	1.0
6484	1.0
63830	1.0
20197	1.0
119867	1.0
6501	1.0
6505	1.0
67321	1.0
6508	1.0
9764	1.0
16104	1.0
6514	2.0
14708	1.0
17470	1.0
6519	2.0
6521	1.0
6523	1.0
6525	1.0
6527	2.0
6533	1.0
41845	1.0
6535	1.0
14729	1.0
6539	1.0
6540	1.0
22925	1.0
30625	1.0
14739	1.0
6551	1.0
6552	1.0
63905	1.0
14757	1.0
343793	1.0
8803	1.0
6570	1.0
197986	1.0
6574	2.0
6575	1.0
9288	1.0
20211	1.0
12537	1.0
6581	1.0
6582	1.0
17481	1.0
6584	1.0
17768	1.0
6589	2.0
12021	1.0
44330	1.0
15768	1.0
14789	1.0
9973	1.0
159479	1.0
45192	1.0
9293	1.0
6608	1.0
47572	1.0
6613	1.0
39382	1.0
145881	1.0
6618	1.0
19315	1.0
6623	1.0
8404	1.0
6630	1.0
107601	1.0
6636	1.0
13394	1.0
6639	1.0
23027	1.0
23031	1.0
6649	1.0
6651	2.0
140799	1.0
6655	2.0
6660	1.0
6661	1.0
25661	2.0
6665	1.0
6669	1.0
236048	1.0
47633	1.0
19317	1.0
6682	1.0
6685	1.0
14878	1.0
6687	1.0
55840	1.0
6691	1.0
6694	1.0
24431	1.0
6697	1.0
6698	1.0
17751	1.0
6700	1.0
6702	1.0
6703	1.0
6707	1.0
9567	1.0
16863	1.0
14904	1.0
275801	1.0
162372	1.0
9313	1.0
44812	1.0
6733	1.0
6736	2.0
6739	1.0
80469	1.0
6743	1.0
99790	1.0
17508	1.0
6746	1.0
22140	1.0
6749	1.0
18501	1.0
6752	1.0
36624	1.0
6756	2.0
184353	1.0
92971	1.0
9319	1.0
49644	1.0
11338	1.0
6771	1.0
170623	1.0
6785	1.0
6786	1.0
23171	1.0
6790	1.0
235969	1.0
6794	1.0
125306	1.0
6800	1.0
47761	1.0
6807	1.0
20642	1.0
6811	2.0
6812	1.0
23199	1.0
11011	2.0
9895	1.0
6825	1.0
6827	1.0
31870	1.0
6830	1.0
32541	1.0
6835	1.0
13397	1.0
8411	1.0
83699	1.0
6841	1.0
6842	1.0
34143	1.0
15038	1.0
296053	1.0
6848	1.0
31425	1.0
20995	1.0
15047	1.0
117196	1.0
15052	1.0
12066	1.0
6863	1.0
80596	1.0
15061	1.0
6871	1.0
6873	1.0
6874	1.0
12069	2.0
6882	1.0
9593	2.0
205409	1.0
263292	1.0
6891	1.0
22052	1.0
106342	1.0
15100	1.0
6912	1.0
23300	1.0
6925	1.0
8414	1.0
31505	1.0
66633	1.0
6932	1.0
321023	1.0
8284	1.0
6938	1.0
6942	2.0
76752	1.0
47905	1.0
64290	1.0
10715	1.0
24912	1.0
33927	1.0
6956	1.0
15151	1.0
64307	1.0
6966	1.0
6969	2.0
25738	1.0
32966	1.0
97089	1.0
9355	1.0
15172	1.0
6981	1.0
15174	2.0
13452	2.0
6989	1.0
68701	1.0
9357	1.0
66246	1.0
40760	1.0
42514	1.0
6995	1.0
6996	2.0
86066	1.0
7001	1.0
7004	1.0
18091	1.0
7009	1.0
23394	1.0
39780	1.0
18918	1.0
15208	1.0
8417	1.0
50511	1.0
7024	1.0
15218	1.0
10054	1.0
69408	1.0
47993	1.0
59038	1.0
17557	1.0
15232	1.0
10600	1.0
7046	1.0
7047	1.0
35308	1.0
15244	1.0
7054	1.0
10849	1.0
28924	1.0
7072	2.0
59889	1.0
7081	1.0
7082	1.0
15276	1.0
21661	1.0
23474	1.0
236019	1.0
8965	1.0
27942	1.0
23482	1.0
7100	1.0
12106	1.0
23489	1.0
31981	1.0
89031	1.0
7112	1.0
23505	1.0
170962	1.0
372558	1.0
26507	1.0
23511	1.0
12339	1.0
316581	1.0
23521	1.0
48098	1.0
9884	1.0
24925	1.0
8694	2.0
7146	1.0
7147	1.0
7149	1.0
15342	1.0
15343	1.0
7154	1.0
15348	1.0
80885	1.0
46884	1.0
25770	1.0
7166	1.0
10752	1.0
7171	1.0
12118	1.0
31751	1.0
25689	1.0
31755	1.0
390317	1.0
16606	1.0
7185	1.0
7186	1.0
18947	1.0
7192	1.0
10756	1.0
7195	1.0
7197	1.0
163909	1.0
15392	1.0
7201	1.0
7203	1.0
48821	1.0
228390	1.0
17585	1.0
100871	1.0
7217	1.0
17587	1.0
15412	1.0
7221	1.0
7222	1.0
7223	1.0
7224	1.0
7225	1.0
56378	1.0
8424	1.0
37339	1.0
7236	1.0
7237	1.0
7242	1.0
29156	1.0
23630	1.0
31823	1.0
7248	1.0
7251	1.0
23570	1.0
98148	1.0
7261	1.0
31838	1.0
7266	1.0
15461	1.0
7270	1.0
7272	1.0
7274	1.0
47979	1.0
7278	1.0
238927	1.0
7285	1.0
48246	1.0
104991	1.0
72825	1.0
23674	1.0
7291	1.0
16688	1.0
15486	1.0
91329	1.0
7306	1.0
17974	1.0
8514	1.0
17603	1.0
7318	1.0
8427	1.0
17604	1.0
15515	1.0
31902	1.0
7329	1.0
466086	1.0
48298	1.0
7339	1.0
15535	1.0
15540	1.0
7350	1.0
10960	1.0
309580	1.0
7353	1.0
8505	1.0
8701	1.0
18794	1.0
135029	1.0
7360	1.0
25963	1.0
7363	1.0
61302	1.0
7367	1.0
48331	1.0
56525	1.0
42189	1.0
213874	1.0
8429	1.0
194478	1.0
7382	2.0
7388	1.0
28538	1.0
23078	1.0
9425	1.0
23785	1.0
7403	1.0
7405	1.0
7412	1.0
343287	1.0
16933	1.0
252458	1.0
146692	1.0
7429	1.0
7430	1.0
36737	1.0
32008	1.0
7433	1.0
41165	1.0
40219	1.0
168282	1.0
25818	1.0
23839	1.0
18992	1.0
89384	1.0
32041	1.0
15660	1.0
7470	1.0
9796	1.0
140841	1.0
36875	1.0
10069	1.0
7479	1.0
154936	1.0
25823	1.0
15678	1.0
420607	1.0
43876	1.0
34347	1.0
13070	1.0
15685	1.0
7494	1.0
7495	1.0
9442	1.0
7504	1.0
138583	1.0
7512	1.0
9444	1.0
23898	1.0
7517	1.0
23905	1.0
225785	1.0
17638	1.0
159283	1.0
72811	1.0
8980	1.0
7544	1.0
42891	1.0
27200	1.0
23939	1.0
64902	1.0
40327	1.0
15757	1.0
8708	1.0
17645	1.0
71533	1.0
17781	1.0
7576	1.0
9455	1.0
7580	1.0
23967	1.0
7584	1.0
10416	1.0
23841	1.0
16347	1.0
7604	1.0
7605	1.0
19815	1.0
10825	1.0
540088	1.0
23994	1.0
7616	1.0
7619	1.0
7620	1.0
7621	1.0
48583	1.0
9463	1.0
32205	1.0
67904	1.0
11337	1.0
13075	1.0
7641	1.0
7646	2.0
10832	1.0
49901	1.0
8507	1.0
7655	1.0
32232	1.0
25852	1.0
8248	1.0
7669	1.0
30728	1.0
13660	1.0
7680	1.0
74998	1.0
307115	1.0
75009	1.0
15883	1.0
7695	1.0
7697	1.0
32275	1.0
20398	1.0
32280	1.0
9476	1.0
58208	1.0
206609	1.0
13963	1.0
186971	1.0
32293	1.0
7718	1.0
28899	1.0
83207	1.0
10103	1.0
7733	1.0
7734	1.0
15928	1.0
97849	1.0
9482	1.0
60622	1.0
15935	1.0
42251	1.0
11290	1.0
7751	1.0
133223	1.0
17359	1.0
32992	1.0
7760	1.0
128804	1.0
7764	1.0
21774	1.0
8442	1.0
7775	1.0
8715	1.0
15982	1.0
15970	2.0
24507	1.0
18328	1.0
7790	2.0
16855	3.0
62181	1.0
7799	1.0
7800	1.0
17684	1.0
9493	1.0
7809	1.0
31339	1.0
8989	1.0
67741	1.0
12226	1.0
238945	1.0
7824	1.0
59727	1.0
7830	2.0
8349	1.0
7833	1.0
16027	1.0
23245	1.0
106144	1.0
7841	1.0
15264	1.0
32421	1.0
7846	1.0
9500	1.0
17250	1.0
51444	1.0
60018	1.0
32435	1.0
557616	1.0
7861	1.0
10868	1.0
16058	1.0
9503	1.0
57020	1.0
81941	1.0
311243	1.0
34217	1.0
7880	1.0
46370	1.0
7888	1.0
16082	1.0
9507	1.0
98004	1.0
679639	1.0
16399	1.0
140746	1.0
7906	1.0
13944	1.0
7914	1.0
24299	1.0
48878	1.0
8447	1.0
16112	1.0
14743	1.0
24306	1.0
16339	2.0
81654	1.0
16120	1.0
10879	1.0
16125	2.0
16631	1.0
7938	1.0
58667	1.0
7940	2.0
66861	1.0
16148	1.0
7964	1.0
12250	1.0
25904	1.0
16163	1.0
7973	1.0
9896	1.0
50481	1.0
48936	1.0
16348	1.0
207853	1.0
48940	1.0
11177	1.0
7988	1.0
7992	1.0
8995	1.0
7994	1.0
29181	1.0
7998	1.0
8001	1.0
48968	1.0
98122	1.0
27545	2.0
36229	1.0
8022	1.0
25363	1.0
8025	1.0
310205	1.0
16221	1.0
24417	1.0
16228	1.0
32613	1.0
8946	1.0
8039	1.0
16233	1.0
8047	1.0
190670	1.0
12264	1.0
16243	1.0
8055	1.0
20512	1.0
40825	1.0
16250	1.0
9536	1.0
237444	1.0
43670	1.0
8071	1.0
8078	1.0
8081	1.0
9539	1.0
8088	1.0
8091	1.0
8092	1.0
16285	1.0
32670	1.0
8096	1.0
11181	1.0
8108	1.0
147376	1.0
9544	1.0
16306	1.0
18001	1.0
16311	1.0
8120	1.0
8123	1.0
8124	1.0
38218	1.0
311230	1.0
8127	1.0
107519	1.0
19389	1.0
138081	1.0
94240	1.0
53958	1.0
22639	1.0
32717	1.0
8147	2.0
24532	1.0
8149	1.0
9558	1.0
8155	1.0
8156	1.0
83743	2.0
17744	1.0
16357	1.0
9553	1.0
16361	1.0
8171	1.0
139244	1.0
24559	2.0
139249	1.0
72361	1.0
8456	2.0
15190996306	1.0
